-3.0e-1	-2.0e-1	1.99317627e-5	1.99317627e-5
-2.625e-1	-2.0e-1	2.85958008e-5	2.85958008e-5
-2.25e-1	-2.0e-1	3.98880615e-5	3.98880615e-5
-1.875e-1	-2.0e-1	5.40964233e-5	5.40964233e-5
-1.5e-1	-2.0e-1	7.13310669e-5	7.13310669e-5
-1.125e-1	-2.0e-1	9.144519e-5	9.144519e-5
-7.5e-2	-2.0e-1	1.13985596e-4	1.13985596e-4
-3.75e-2	-2.0e-1	1.3813855e-4	1.3813855e-4
0.0e0	-2.0e-1	1.62767578e-4	1.62767578e-4
3.75e-2	-2.0e-1	1.86469727e-4	1.86469727e-4
7.5e-2	-2.0e-1	2.07694702e-4	2.07694702e-4
1.125e-1	-2.0e-1	2.24924316e-4	2.24924316e-4
1.5e-1	-2.0e-1	2.36825806e-4	2.36825806e-4
1.875e-1	-2.0e-1	2.4244397e-4	2.4244397e-4
2.25e-1	-2.0e-1	2.41309082e-4	2.41309082e-4
2.625e-1	-2.0e-1	2.335177e-4	2.335177e-4
3.0e-1	-2.0e-1	2.19713623e-4	2.19713623e-4
3.375e-1	-2.0e-1	2.00991089e-4	2.00991089e-4
3.75e-1	-2.0e-1	1.78765625e-4	1.78765625e-4
4.125e-1	-2.0e-1	1.54585205e-4	1.54585205e-4
4.5e-1	-2.0e-1	1.29971802e-4	1.29971802e-4
4.875e-1	-2.0e-1	1.06245728e-4	1.06245728e-4
5.25e-1	-2.0e-1	8.444165e-5	8.444165e-5
5.625e-1	-2.0e-1	6.52529907e-5	6.52529907e-5
6.0e-1	-2.0e-1	4.90249634e-5	4.90249634e-5

-3.0e-1	-1.45834e-1	5.13145386e-5	5.13145386e-5
-2.625e-1	-1.45834e-1	7.36201172e-5	7.36201172e-5
-2.25e-1	-1.45834e-1	1.02690674e-4	1.02690674e-4
-1.875e-1	-1.45834e-1	1.39269531e-4	1.39269531e-4
-1.5e-1	-1.45834e-1	1.83638794e-4	1.83638794e-4
-1.125e-1	-1.45834e-1	2.35427979e-4	2.35427979e-4
-7.5e-2	-1.45834e-1	2.93455933e-4	2.93455933e-4
-3.75e-2	-1.45834e-1	3.5563977e-4	3.5563977e-4
0.0e0	-1.45834e-1	4.19046265e-4	4.19046265e-4
3.75e-2	-1.45834e-1	4.80065552e-4	4.80065552e-4
7.5e-2	-1.45834e-1	5.34713501e-4	5.34713501e-4
1.125e-1	-1.45834e-1	5.7906604e-4	5.7906604e-4
1.5e-1	-1.45834e-1	6.09710449e-4	6.09710449e-4
1.875e-1	-1.45834e-1	6.24169434e-4	6.24169434e-4
2.25e-1	-1.45834e-1	6.2124878e-4	6.2124878e-4
2.625e-1	-1.45834e-1	6.01191528e-4	6.01191528e-4
3.0e-1	-1.45834e-1	5.65654663e-4	5.65654663e-4
3.375e-1	-1.45834e-1	5.17455566e-4	5.17455566e-4
3.75e-1	-1.45834e-1	4.6023291e-4	4.6023291e-4
4.125e-1	-1.45834e-1	3.9798523e-4	3.9798523e-4
4.5e-1	-1.45834e-1	3.3461145e-4	3.3461145e-4
4.875e-1	-1.45834e-1	2.73530762e-4	2.73530762e-4
5.25e-1	-1.45834e-1	2.17396484e-4	2.17396484e-4
5.625e-1	-1.45834e-1	1.67990967e-4	1.67990967e-4
6.0e-1	-1.45834e-1	1.26212402e-4	1.26212402e-4

-3.0e-1	-9.1668e-2	1.24576904e-4	1.24576904e-4
-2.625e-1	-9.1668e-2	1.78728882e-4	1.78728882e-4
-2.25e-1	-9.1668e-2	2.49307251e-4	2.49307251e-4
-1.875e-1	-9.1668e-2	3.38111572e-4	3.38111572e-4
-1.5e-1	-9.1668e-2	4.45830444e-4	4.45830444e-4
-1.125e-1	-9.1668e-2	5.71570313e-4	5.71570313e-4
-7.5e-2	-9.1668e-2	7.12440186e-4	7.12440186e-4
-3.75e-2	-9.1668e-2	8.6339722e-4	8.6339722e-4
0.0e0	-9.1668e-2	1.01732422e-3	1.01732422e-3
3.75e-2	-9.1668e-2	1.16546265e-3	1.16546265e-3
7.5e-2	-9.1668e-2	1.29815063e-3	1.29815063e-3
1.125e-1	-9.1668e-2	1.40581177e-3	1.40581177e-3
1.5e-1	-9.1668e-2	1.48020752e-3	1.48020752e-3
1.875e-1	-9.1668e-2	1.51531006e-3	1.51531006e-3
2.25e-1	-9.1668e-2	1.50822754e-3	1.50822754e-3
2.625e-1	-9.1668e-2	1.45953735e-3	1.45953735e-3
3.0e-1	-9.1668e-2	1.37324585e-3	1.37324585e-3
3.375e-1	-9.1668e-2	1.2562378e-3	1.2562378e-3
3.75e-1	-9.1668e-2	1.1173169e-3	1.1173169e-3
4.125e-1	-9.1668e-2	9.6619751e-4	9.6619751e-4
4.5e-1	-9.1668e-2	8.1235596e-4	8.1235596e-4
4.875e-1	-9.1668e-2	6.64069702e-4	6.64069702e-4
5.25e-1	-9.1668e-2	5.27787354e-4	5.27787354e-4
5.625e-1	-9.1668e-2	4.07843018e-4	4.07843018e-4
6.0e-1	-9.1668e-2	3.0641394e-4	3.0641394e-4

-3.0e-1	-3.7501999e-2	2.85214355e-4	2.85214355e-4
-2.625e-1	-3.7501999e-2	4.09187256e-4	4.09187256e-4
-2.25e-1	-3.7501999e-2	5.70769775e-4	5.70769775e-4
-1.875e-1	-3.7501999e-2	7.7408081e-4	7.7408081e-4
-1.5e-1	-3.7501999e-2	1.02068115e-3	1.02068115e-3
-1.125e-1	-3.7501999e-2	1.3085498e-3	1.3085498e-3
-7.5e-2	-3.7501999e-2	1.63105469e-3	1.63105469e-3
-3.75e-2	-3.7501999e-2	1.97667358e-3	1.97667358e-3
0.0e0	-3.7501999e-2	2.32908813e-3	2.32908813e-3
3.75e-2	-3.7501999e-2	2.66824341e-3	2.66824341e-3
7.5e-2	-3.7501999e-2	2.97202637e-3	2.97202637e-3
1.125e-1	-3.7501999e-2	3.21850708e-3	3.21850708e-3
1.5e-1	-3.7501999e-2	3.3887976e-3	3.3887976e-3
1.875e-1	-3.7501999e-2	3.46916382e-3	3.46916382e-3
2.25e-1	-3.7501999e-2	3.45297241e-3	3.45297241e-3
2.625e-1	-3.7501999e-2	3.34154175e-3	3.34154175e-3
3.0e-1	-3.7501999e-2	3.14396973e-3	3.14396973e-3
3.375e-1	-3.7501999e-2	2.87604004e-3	2.87604004e-3
3.75e-1	-3.7501999e-2	2.55800171e-3	2.55800171e-3
4.125e-1	-3.7501999e-2	2.21206299e-3	2.21206299e-3
4.5e-1	-3.7501999e-2	1.85982544e-3	1.85982544e-3
4.875e-1	-3.7501999e-2	1.5203186e-3	1.5203186e-3
5.25e-1	-3.7501999e-2	1.20830322e-3	1.20830322e-3
5.625e-1	-3.7501999e-2	9.3369507e-4	9.3369507e-4
6.0e-1	-3.7501999e-2	7.015177e-4	7.015177e-4

-3.0e-1	1.6664001e-2	6.15755493e-4	6.15755493e-4
-2.625e-1	1.6664001e-2	8.8339233e-4	8.8339233e-4
-2.25e-1	1.6664001e-2	1.23223755e-3	1.23223755e-3
-1.875e-1	1.6664001e-2	1.67116821e-3	1.67116821e-3
-1.5e-1	1.6664001e-2	2.2036023e-3	2.2036023e-3
-1.125e-1	1.6664001e-2	2.82506104e-3	2.82506104e-3
-7.5e-2	1.6664001e-2	3.52134888e-3	3.52134888e-3
-3.75e-2	1.6664001e-2	4.2675122e-3	4.2675122e-3
0.0e0	1.6664001e-2	5.02835083e-3	5.02835083e-3
3.75e-2	1.6664001e-2	5.76057007e-3	5.76057007e-3
7.5e-2	1.6664001e-2	6.41636108e-3	6.41636108e-3
1.125e-1	1.6664001e-2	6.94855469e-3	6.94855469e-3
1.5e-1	1.6664001e-2	7.31623047e-3	7.31623047e-3
1.875e-1	1.6664001e-2	7.48971436e-3	7.48971436e-3
2.25e-1	1.6664001e-2	7.45469727e-3	7.45469727e-3
2.625e-1	1.6664001e-2	7.2141333e-3	7.2141333e-3
3.0e-1	1.6664001e-2	6.78757935e-3	6.78757935e-3
3.375e-1	1.6664001e-2	6.20918213e-3	6.20918213e-3
3.75e-1	1.6664001e-2	5.52255127e-3	5.52255127e-3
4.125e-1	1.6664001e-2	4.77563843e-3	4.77563843e-3
4.5e-1	1.6664001e-2	4.01525879e-3	4.01525879e-3
4.875e-1	1.6664001e-2	3.28224731e-3	3.28224731e-3
5.25e-1	1.6664001e-2	2.60866211e-3	2.60866211e-3
5.625e-1	1.6664001e-2	2.01580688e-3	2.01580688e-3
6.0e-1	1.6664001e-2	1.51449707e-3	1.51449707e-3

-3.0e-1	7.0830002e-2	1.25359619e-3	1.25359619e-3
-2.625e-1	7.0830002e-2	1.79851196e-3	1.79851196e-3
-2.25e-1	7.0830002e-2	2.5087268e-3	2.5087268e-3
-1.875e-1	7.0830002e-2	3.40235718e-3	3.40235718e-3
-1.5e-1	7.0830002e-2	4.48631226e-3	4.48631226e-3
-1.125e-1	7.0830002e-2	5.75149292e-3	5.75149292e-3
-7.5e-2	7.0830002e-2	7.16913452e-3	7.16913452e-3
-3.75e-2	7.0830002e-2	8.6880615e-3	8.6880615e-3
0.0e0	7.0830002e-2	1.02370605e-2	1.02370605e-2
3.75e-2	7.0830002e-2	1.17277344e-2	1.17277344e-2
7.5e-2	7.0830002e-2	1.30627563e-2	1.30627563e-2
1.125e-1	7.0830002e-2	1.41463623e-2	1.41463623e-2
1.5e-1	7.0830002e-2	1.48949829e-2	1.48949829e-2
1.875e-1	7.0830002e-2	1.524823e-2	1.524823e-2
2.25e-1	7.0830002e-2	1.51768188e-2	1.51768188e-2
2.625e-1	7.0830002e-2	1.4686914e-2	1.4686914e-2
3.0e-1	7.0830002e-2	1.38186157e-2	1.38186157e-2
3.375e-1	7.0830002e-2	1.26411499e-2	1.26411499e-2
3.75e-1	7.0830002e-2	1.12432617e-2	1.12432617e-2
4.125e-1	7.0830002e-2	9.7226929e-3	9.7226929e-3
4.5e-1	7.0830002e-2	8.1743896e-3	8.1743896e-3
4.875e-1	7.0830002e-2	6.68233643e-3	6.68233643e-3
5.25e-1	7.0830002e-2	5.31101318e-3	5.31101318e-3
5.625e-1	7.0830002e-2	4.10401367e-3	4.10401367e-3
6.0e-1	7.0830002e-2	3.08337158e-3	3.08337158e-3

-3.0e-1	1.24996002e-1	2.40677368e-3	2.40677368e-3
-2.625e-1	1.24996002e-1	3.45290405e-3	3.45290405e-3
-2.25e-1	1.24996002e-1	4.81643066e-3	4.81643066e-3
-1.875e-1	1.24996002e-1	6.53207031e-3	6.53207031e-3
-1.5e-1	1.24996002e-1	8.612915e-3	8.612915e-3
-1.125e-1	1.24996002e-1	1.10421631e-2	1.10421631e-2
-7.5e-2	1.24996002e-1	1.37635498e-2	1.37635498e-2
-3.75e-2	1.24996002e-1	1.66800781e-2	1.66800781e-2
0.0e0	1.24996002e-1	1.96539917e-2	1.96539917e-2
3.75e-2	1.24996002e-1	2.25158691e-2	2.25158691e-2
7.5e-2	1.24996002e-1	2.50791992e-2	2.50791992e-2
1.125e-1	1.24996002e-1	2.71591553e-2	2.71591553e-2
1.5e-1	1.24996002e-1	2.85963379e-2	2.85963379e-2
1.875e-1	1.24996002e-1	2.9274646e-2	2.9274646e-2
2.25e-1	1.24996002e-1	2.91375244e-2	2.91375244e-2
2.625e-1	1.24996002e-1	2.81972534e-2	2.81972534e-2
3.0e-1	1.24996002e-1	2.65299805e-2	2.65299805e-2
3.375e-1	1.24996002e-1	2.42693726e-2	2.42693726e-2
3.75e-1	1.24996002e-1	2.15855713e-2	2.15855713e-2
4.125e-1	1.24996002e-1	1.86661743e-2	1.86661743e-2
4.5e-1	1.24996002e-1	1.56940552e-2	1.56940552e-2
4.875e-1	1.24996002e-1	1.28290405e-2	1.28290405e-2
5.25e-1	1.24996002e-1	1.01961914e-2	1.01961914e-2
5.625e-1	1.24996002e-1	7.87921387e-3	7.87921387e-3
6.0e-1	1.24996002e-1	5.91971313e-3	5.91971313e-3

-3.0e-1	1.79162e-1	4.35729736e-3	4.35729736e-3
-2.625e-1	1.79162e-1	6.25128662e-3	6.25128662e-3
-2.25e-1	1.79162e-1	8.7198242e-3	8.7198242e-3
-1.875e-1	1.79162e-1	1.18258667e-2	1.18258667e-2
-1.5e-1	1.79162e-1	1.55933105e-2	1.55933105e-2
-1.125e-1	1.79162e-1	1.99909546e-2	1.99909546e-2
-7.5e-2	1.79162e-1	2.49180786e-2	2.49180786e-2
-3.75e-2	1.79162e-1	3.01985962e-2	3.01985962e-2
0.0e0	1.79162e-1	3.55828125e-2	3.55828125e-2
3.75e-2	1.79162e-1	4.07636597e-2	4.07636597e-2
7.5e-2	1.79162e-1	4.54042358e-2	4.54042358e-2
1.125e-1	1.79162e-1	4.9170227e-2	4.9170227e-2
1.5e-1	1.79162e-1	5.1772815e-2	5.1772815e-2
1.875e-1	1.79162e-1	5.30005981e-2	5.30005981e-2
2.25e-1	1.79162e-1	5.2752124e-2	5.2752124e-2
2.625e-1	1.79162e-1	5.10494263e-2	5.10494263e-2
3.0e-1	1.79162e-1	4.80310913e-2	4.80310913e-2
3.375e-1	1.79162e-1	4.39389404e-2	4.39389404e-2
3.75e-1	1.79162e-1	3.90800293e-2	3.90800293e-2
4.125e-1	1.79162e-1	3.37941162e-2	3.37941162e-2
4.5e-1	1.79162e-1	2.84130371e-2	2.84130371e-2
4.875e-1	1.79162e-1	2.3226355e-2	2.3226355e-2
5.25e-1	1.79162e-1	1.84600464e-2	1.84600464e-2
5.625e-1	1.79162e-1	1.42647095e-2	1.42647095e-2
6.0e-1	1.79162e-1	1.07170654e-2	1.07170654e-2

-3.0e-1	2.33328e-1	7.4391565e-3	7.4391565e-3
-2.625e-1	2.33328e-1	1.06725952e-2	1.06725952e-2
-2.25e-1	2.33328e-1	1.48869873e-2	1.48869873e-2
-1.875e-1	2.33328e-1	2.01897339e-2	2.01897339e-2
-1.5e-1	2.33328e-1	2.66223755e-2	2.66223755e-2
-1.125e-1	2.33328e-1	3.41305542e-2	3.41305542e-2
-7.5e-2	2.33328e-1	4.25423096e-2	4.25423096e-2
-3.75e-2	2.33328e-1	5.15568481e-2	5.15568481e-2
0.0e0	2.33328e-1	6.07488281e-2	6.07488281e-2
3.75e-2	2.33328e-1	6.95949829e-2	6.95949829e-2
7.5e-2	2.33328e-1	7.7517981e-2	7.7517981e-2
1.125e-1	2.33328e-1	8.3936035e-2	8.3936035e-2
1.5e-1	2.33328e-1	8.8328003e-2	8.8328003e-2
1.875e-1	2.33328e-1	9.0488037e-2	9.0488037e-2
2.25e-1	2.33328e-1	9.0015991e-2	9.0015991e-2
2.625e-1	2.33328e-1	8.7135986e-2	8.7135986e-2
3.0e-1	2.33328e-1	8.2015991e-2	8.2015991e-2
3.375e-1	2.33328e-1	7.50146362e-2	7.50146362e-2
3.75e-1	2.33328e-1	6.67194946e-2	6.67194946e-2
4.125e-1	2.33328e-1	5.76962036e-2	5.76962036e-2
4.5e-1	2.33328e-1	4.85093628e-2	4.85093628e-2
4.875e-1	2.33328e-1	3.96538818e-2	3.96538818e-2
5.25e-1	2.33328e-1	3.15158325e-2	3.15158325e-2
5.625e-1	2.33328e-1	2.43536621e-2	2.43536621e-2
6.0e-1	2.33328e-1	1.8297229e-2	1.8297229e-2

-3.0e-1	2.87494e-1	1.19765869e-2	1.19765869e-2
-2.625e-1	2.87494e-1	1.71827881e-2	1.71827881e-2
-2.25e-1	2.87494e-1	2.39678589e-2	2.39678589e-2
-1.875e-1	2.87494e-1	3.25054443e-2	3.25054443e-2
-1.5e-1	2.87494e-1	4.2861499e-2	4.2861499e-2
-1.125e-1	2.87494e-1	5.4948999e-2	5.4948999e-2
-7.5e-2	2.87494e-1	6.8493335e-2	6.8493335e-2
-3.75e-2	2.87494e-1	8.2968018e-2	8.2968018e-2
0.0e0	2.87494e-1	9.7776001e-2	9.7776001e-2
3.75e-2	2.87494e-1	1.12024048e-1	1.12024048e-1
7.5e-2	2.87494e-1	1.24832031e-1	1.24832031e-1
1.125e-1	2.87494e-1	1.35144043e-1	1.35144043e-1
1.5e-1	2.87494e-1	1.42271973e-1	1.42271973e-1
1.875e-1	2.87494e-1	1.4570398e-1	1.4570398e-1
2.25e-1	2.87494e-1	1.44984009e-1	1.44984009e-1
2.625e-1	2.87494e-1	1.40343994e-1	1.40343994e-1
3.0e-1	2.87494e-1	1.32031982e-1	1.32031982e-1
3.375e-1	2.87494e-1	1.20735962e-1	1.20735962e-1
3.75e-1	2.87494e-1	1.07384033e-1	1.07384033e-1
4.125e-1	2.87494e-1	9.2895996e-2	9.2895996e-2
4.5e-1	2.87494e-1	7.80984131e-2	7.80984131e-2
4.875e-1	2.87494e-1	6.3842688e-2	6.3842688e-2
5.25e-1	2.87494e-1	5.07402954e-2	5.07402954e-2
5.625e-1	2.87494e-1	3.9209082e-2	3.9209082e-2
6.0e-1	2.87494e-1	2.94583374e-2	2.94583374e-2

-3.0e-1	3.4166e-1	1.81832031e-2	1.81832031e-2
-2.625e-1	3.4166e-1	2.60869385e-2	2.60869385e-2
-2.25e-1	3.4166e-1	3.638844e-2	3.638844e-2
-1.875e-1	3.4166e-1	4.9350061e-2	4.9350061e-2
-1.5e-1	3.4166e-1	6.50724121e-2	6.50724121e-2
-1.125e-1	3.4166e-1	8.3375977e-2	8.3375977e-2
-7.5e-2	3.4166e-1	1.0394397e-1	1.0394397e-1
-3.75e-2	3.4166e-1	1.26024048e-1	1.26024048e-1
0.0e0	3.4166e-1	1.48511963e-1	1.48511963e-1
3.75e-2	3.4166e-1	1.70119995e-1	1.70119995e-1
7.5e-2	3.4166e-1	1.8947998e-1	1.8947998e-1
1.125e-1	3.4166e-1	2.05248047e-1	2.05248047e-1
1.5e-1	3.4166e-1	2.16040039e-1	2.16040039e-1
1.875e-1	3.4166e-1	2.21167969e-1	2.21167969e-1
2.25e-1	3.4166e-1	2.20128052e-1	2.20128052e-1
2.625e-1	3.4166e-1	2.13088013e-1	2.13088013e-1
3.0e-1	3.4166e-1	2.00439941e-1	2.00439941e-1
3.375e-1	3.4166e-1	1.83400024e-1	1.83400024e-1
3.75e-1	3.4166e-1	1.63072021e-1	1.63072021e-1
4.125e-1	3.4166e-1	1.40991943e-1	1.40991943e-1
4.5e-1	3.4166e-1	1.1857605e-1	1.1857605e-1
4.875e-1	3.4166e-1	9.6895996e-2	9.6895996e-2
5.25e-1	3.4166e-1	7.7034607e-2	7.7034607e-2
5.625e-1	3.4166e-1	5.95274536e-2	5.95274536e-2
6.0e-1	3.4166e-1	4.47237915e-2	4.47237915e-2

-3.0e-1	3.95826e-1	2.60328613e-2	2.60328613e-2
-2.625e-1	3.95826e-1	3.73485596e-2	3.73485596e-2
-2.25e-1	3.95826e-1	5.20976685e-2	5.20976685e-2
-1.875e-1	3.95826e-1	7.06552002e-2	7.06552002e-2
-1.5e-1	3.95826e-1	9.3135986e-2	9.3135986e-2
-1.125e-1	3.95826e-1	1.19456055e-1	1.19456055e-1
-7.5e-2	3.95826e-1	1.48911987e-1	1.48911987e-1
-3.75e-2	3.95826e-1	1.80432007e-1	1.80432007e-1
0.0e0	3.95826e-1	2.12608032e-1	2.12608032e-1
3.75e-2	3.95826e-1	2.4357605e-1	2.4357605e-1
7.5e-2	3.95826e-1	2.7133606e-1	2.7133606e-1
1.125e-1	3.95826e-1	2.93823975e-1	2.93823975e-1
1.5e-1	3.95826e-1	3.09352051e-1	3.09352051e-1
1.875e-1	3.95826e-1	3.16712036e-1	3.16712036e-1
2.25e-1	3.95826e-1	3.1518396e-1	3.1518396e-1
2.625e-1	3.95826e-1	3.05031982e-1	3.05031982e-1
3.0e-1	3.95826e-1	2.87024048e-1	2.87024048e-1
3.375e-1	3.95826e-1	2.6253601e-1	2.6253601e-1
3.75e-1	3.95826e-1	2.3347998e-1	2.3347998e-1
4.125e-1	3.95826e-1	2.01880005e-1	2.01880005e-1
4.5e-1	3.95826e-1	1.69800049e-1	1.69800049e-1
4.875e-1	3.95826e-1	1.38744019e-1	1.38744019e-1
5.25e-1	3.95826e-1	1.10264038e-1	1.10264038e-1
5.625e-1	3.95826e-1	8.5215942e-2	8.5215942e-2
6.0e-1	3.95826e-1	6.40305298e-2	6.40305298e-2

-3.0e-1	4.49992e-1	3.51468384e-2	3.51468384e-2
-2.625e-1	4.49992e-1	5.04250366e-2	5.04250366e-2
-2.25e-1	4.49992e-1	7.03366577e-2	7.03366577e-2
-1.875e-1	4.49992e-1	9.5375977e-2	9.5375977e-2
-1.5e-1	4.49992e-1	1.25784058e-1	1.25784058e-1
-1.125e-1	4.49992e-1	1.61232056e-1	1.61232056e-1
-7.5e-2	4.49992e-1	2.01e-1	2.01e-1
-3.75e-2	4.49992e-1	2.43656006e-1	2.43656006e-1
0.0e0	4.49992e-1	2.87024048e-1	2.87024048e-1
3.75e-2	4.49992e-1	3.28871948e-1	3.28871948e-1
7.5e-2	4.49992e-1	3.66319946e-1	3.66319946e-1
1.125e-1	4.49992e-1	3.96728027e-1	3.96728027e-1
1.5e-1	4.49992e-1	4.1770398e-1	4.1770398e-1
1.875e-1	4.49992e-1	4.27615967e-1	4.27615967e-1
2.25e-1	4.49992e-1	4.25624023e-1	4.25624023e-1
2.625e-1	4.49992e-1	4.11855957e-1	4.11855957e-1
3.0e-1	4.49992e-1	3.8752002e-1	3.8752002e-1
3.375e-1	4.49992e-1	3.5447998e-1	3.5447998e-1
3.75e-1	4.49992e-1	3.15271973e-1	3.15271973e-1
4.125e-1	4.49992e-1	2.72615967e-1	2.72615967e-1
4.5e-1	4.49992e-1	2.29248047e-1	2.29248047e-1
4.875e-1	4.49992e-1	1.87400024e-1	1.87400024e-1
5.25e-1	4.49992e-1	1.48911987e-1	1.48911987e-1
5.625e-1	4.49992e-1	1.15063965e-1	1.15063965e-1
6.0e-1	4.49992e-1	8.6416016e-2	8.6416016e-2

-3.0e-1	5.04158e-1	4.47477051e-2	4.47477051e-2
-2.625e-1	5.04158e-1	6.41987915e-2	6.41987915e-2
-2.25e-1	5.04158e-1	8.953601e-2	8.953601e-2
-1.875e-1	5.04158e-1	1.21456055e-1	1.21456055e-1
-1.5e-1	5.04158e-1	1.60104004e-1	1.60104004e-1
-1.125e-1	5.04158e-1	2.05319946e-1	2.05319946e-1
-7.5e-2	5.04158e-1	2.55968018e-1	2.55968018e-1
-3.75e-2	5.04158e-1	3.10144043e-1	3.10144043e-1
0.0e0	5.04158e-1	3.65527954e-1	3.65527954e-1
3.75e-2	5.04158e-1	4.18735962e-1	4.18735962e-1
7.5e-2	5.04158e-1	4.66343994e-1	4.66343994e-1
1.125e-1	5.04158e-1	5.05079956e-1	5.05079956e-1
1.5e-1	5.04158e-1	5.31800049e-1	5.31800049e-1
1.875e-1	5.04158e-1	5.44447998e-1	5.44447998e-1
2.25e-1	5.04158e-1	5.41880005e-1	5.41880005e-1
2.625e-1	5.04158e-1	5.24368042e-1	5.24368042e-1
3.0e-1	5.04158e-1	4.93391968e-1	4.93391968e-1
3.375e-1	5.04158e-1	4.51303955e-1	4.51303955e-1
3.75e-1	5.04158e-1	4.01368042e-1	4.01368042e-1
4.125e-1	5.04158e-1	3.47119995e-1	3.47119995e-1
4.5e-1	5.04158e-1	2.91823975e-1	2.91823975e-1
4.875e-1	5.04158e-1	2.38527954e-1	2.38527954e-1
5.25e-1	5.04158e-1	1.89560059e-1	1.89560059e-1
5.625e-1	5.04158e-1	1.46511963e-1	1.46511963e-1
6.0e-1	5.04158e-1	1.10024048e-1	1.10024048e-1

-3.0e-1	5.58324e-1	5.37246216e-2	5.37246216e-2
-2.625e-1	5.58324e-1	7.7077002e-2	7.7077002e-2
-2.25e-1	5.58324e-1	1.07543945e-1	1.07543945e-1
-1.875e-1	5.58324e-1	1.45791992e-1	1.45791992e-1
-1.5e-1	5.58324e-1	1.92287964e-1	1.92287964e-1
-1.125e-1	5.58324e-1	2.4653601e-1	2.4653601e-1
-7.5e-2	5.58324e-1	3.07264038e-1	3.07264038e-1
-3.75e-2	5.58324e-1	3.72400024e-1	3.72400024e-1
0.0e0	5.58324e-1	4.3881604e-1	4.3881604e-1
3.75e-2	5.58324e-1	5.02671997e-1	5.02671997e-1
7.5e-2	5.58324e-1	5.59975952e-1	5.59975952e-1
1.125e-1	5.58324e-1	6.06384033e-1	6.06384033e-1
1.5e-1	5.58324e-1	6.3846399e-1	6.3846399e-1
1.875e-1	5.58324e-1	6.53592041e-1	6.53592041e-1
2.25e-1	5.58324e-1	6.50552002e-1	6.50552002e-1
2.625e-1	5.58324e-1	6.29592041e-1	6.29592041e-1
3.0e-1	5.58324e-1	5.92384033e-1	5.92384033e-1
3.375e-1	5.58324e-1	5.41880005e-1	5.41880005e-1
3.75e-1	5.58324e-1	4.8194397e-1	4.8194397e-1
4.125e-1	5.58324e-1	4.16735962e-1	4.16735962e-1
4.5e-1	5.58324e-1	3.50400024e-1	3.50400024e-1
4.875e-1	5.58324e-1	2.86391968e-1	2.86391968e-1
5.25e-1	5.58324e-1	2.27647949e-1	2.27647949e-1
5.625e-1	5.58324e-1	1.75880005e-1	1.75880005e-1
6.0e-1	5.58324e-1	1.32104004e-1	1.32104004e-1

-3.0e-1	6.1249e-1	6.08250244e-2	6.08250244e-2
-2.625e-1	6.1249e-1	8.7215942e-2	8.7215942e-2
-2.25e-1	6.1249e-1	1.2170398e-1	1.2170398e-1
-1.875e-1	6.1249e-1	1.65072021e-1	1.65072021e-1
-1.5e-1	6.1249e-1	2.17728027e-1	2.17728027e-1
-1.125e-1	6.1249e-1	2.79104004e-1	2.79104004e-1
-7.5e-2	6.1249e-1	3.47911987e-1	3.47911987e-1
-3.75e-2	6.1249e-1	4.21615967e-1	4.21615967e-1
0.0e0	6.1249e-1	4.96839966e-1	4.96839966e-1
3.75e-2	6.1249e-1	5.69176025e-1	5.69176025e-1
7.5e-2	6.1249e-1	6.33984009e-1	6.33984009e-1
1.125e-1	6.1249e-1	6.86560059e-1	6.86560059e-1
1.5e-1	6.1249e-1	7.2288794e-1	7.2288794e-1
1.875e-1	6.1249e-1	7.40015991e-1	7.40015991e-1
2.25e-1	6.1249e-1	7.3657605e-1	7.3657605e-1
2.625e-1	6.1249e-1	7.12800049e-1	7.12800049e-1
3.0e-1	6.1249e-1	6.70640015e-1	6.70640015e-1
3.375e-1	6.1249e-1	6.13504028e-1	6.13504028e-1
3.75e-1	6.1249e-1	5.45640015e-1	5.45640015e-1
4.125e-1	6.1249e-1	4.71864014e-1	4.71864014e-1
4.5e-1	6.1249e-1	3.96728027e-1	3.96728027e-1
4.875e-1	6.1249e-1	3.24319946e-1	3.24319946e-1
5.25e-1	6.1249e-1	2.57735962e-1	2.57735962e-1
5.625e-1	6.1249e-1	1.99160034e-1	1.99160034e-1
6.0e-1	6.1249e-1	1.49631958e-1	1.49631958e-1

-3.0e-1	6.66656e-1	6.49399292e-2	6.49399292e-2
-2.625e-1	6.66656e-1	9.3135986e-2	9.3135986e-2
-2.25e-1	6.66656e-1	1.2994397e-1	1.2994397e-1
-1.875e-1	6.66656e-1	1.7628003e-1	1.7628003e-1
-1.5e-1	6.66656e-1	2.32447998e-1	2.32447998e-1
-1.125e-1	6.66656e-1	2.97984009e-1	2.97984009e-1
-7.5e-2	6.66656e-1	3.71447998e-1	3.71447998e-1
-3.75e-2	6.66656e-1	4.5018396e-1	4.5018396e-1
0.0e0	6.66656e-1	5.30447998e-1	5.30447998e-1
3.75e-2	6.66656e-1	6.0766394e-1	6.0766394e-1
7.5e-2	6.66656e-1	6.76880005e-1	6.76880005e-1
1.125e-1	6.66656e-1	7.32968018e-1	7.32968018e-1
1.5e-1	6.66656e-1	7.71776001e-1	7.71776001e-1
1.875e-1	6.66656e-1	7.90104004e-1	7.90104004e-1
2.25e-1	6.66656e-1	7.8642395e-1	7.8642395e-1
2.625e-1	6.66656e-1	7.60975952e-1	7.60975952e-1
3.0e-1	6.66656e-1	7.16e-1	7.16e-1
3.375e-1	6.66656e-1	6.55031982e-1	6.55031982e-1
3.75e-1	6.66656e-1	5.82527954e-1	5.82527954e-1
4.125e-1	6.66656e-1	5.03800049e-1	5.03800049e-1
4.5e-1	6.66656e-1	4.2353601e-1	4.2353601e-1
4.875e-1	6.66656e-1	3.4623999e-1	3.4623999e-1
5.25e-1	6.66656e-1	2.7518396e-1	2.7518396e-1
5.625e-1	6.66656e-1	2.12608032e-1	2.12608032e-1
6.0e-1	6.66656e-1	1.5971997e-1	1.5971997e-1

-3.0e-1	7.20822e-1	6.53824463e-2	6.53824463e-2
-2.625e-1	7.20822e-1	9.3776001e-2	9.3776001e-2
-2.25e-1	7.20822e-1	1.30823975e-1	1.30823975e-1
-1.875e-1	7.20822e-1	1.7747998e-1	1.7747998e-1
-1.5e-1	7.20822e-1	2.33975952e-1	2.33975952e-1
-1.125e-1	7.20822e-1	2.99984009e-1	2.99984009e-1
-7.5e-2	7.20822e-1	3.74e-1	3.74e-1
-3.75e-2	7.20822e-1	4.53223999e-1	4.53223999e-1
0.0e0	7.20822e-1	5.34047974e-1	5.34047974e-1
3.75e-2	7.20822e-1	6.1181604e-1	6.1181604e-1
7.5e-2	7.20822e-1	6.81439941e-1	6.81439941e-1
1.125e-1	7.20822e-1	7.38015991e-1	7.38015991e-1
1.5e-1	7.20822e-1	7.76975952e-1	7.76975952e-1
1.875e-1	7.20822e-1	7.95472046e-1	7.95472046e-1
2.25e-1	7.20822e-1	7.91712036e-1	7.91712036e-1
2.625e-1	7.20822e-1	7.6618396e-1	7.6618396e-1
3.0e-1	7.20822e-1	7.2088794e-1	7.2088794e-1
3.375e-1	7.20822e-1	6.59439941e-1	6.59439941e-1
3.75e-1	7.20822e-1	5.8653601e-1	5.8653601e-1
4.125e-1	7.20822e-1	5.0723999e-1	5.0723999e-1
4.5e-1	7.20822e-1	4.26416016e-1	4.26416016e-1
4.875e-1	7.20822e-1	3.48560059e-1	3.48560059e-1
5.25e-1	7.20822e-1	2.77024048e-1	2.77024048e-1
5.625e-1	7.20822e-1	2.14047974e-1	2.14047974e-1
6.0e-1	7.20822e-1	1.60823975e-1	1.60823975e-1

-3.0e-1	7.74988e-1	6.2075647e-2	6.2075647e-2
-2.625e-1	7.74988e-1	8.9047974e-2	8.9047974e-2
-2.25e-1	7.74988e-1	1.2418396e-1	1.2418396e-1
-1.875e-1	7.74988e-1	1.6852002e-1	1.6852002e-1
-1.5e-1	7.74988e-1	2.22208008e-1	2.22208008e-1
-1.125e-1	7.74988e-1	2.84864014e-1	2.84864014e-1
-7.5e-2	7.74988e-1	3.55040039e-1	3.55040039e-1
-3.75e-2	7.74988e-1	4.3033606e-1	4.3033606e-1
0.0e0	7.74988e-1	5.06991943e-1	5.06991943e-1
3.75e-2	7.74988e-1	5.80855957e-1	5.80855957e-1
7.5e-2	7.74988e-1	6.46952026e-1	6.46952026e-1
1.125e-1	7.74988e-1	7.00647949e-1	7.00647949e-1
1.5e-1	7.74988e-1	7.37696045e-1	7.37696045e-1
1.875e-1	7.74988e-1	7.55215942e-1	7.55215942e-1
2.25e-1	7.74988e-1	7.51696045e-1	7.51696045e-1
2.625e-1	7.74988e-1	7.27456055e-1	7.27456055e-1
3.0e-1	7.74988e-1	6.84400024e-1	6.84400024e-1
3.375e-1	7.74988e-1	6.26063965e-1	6.26063965e-1
3.75e-1	7.74988e-1	5.56848022e-1	5.56848022e-1
4.125e-1	7.74988e-1	4.81552002e-1	4.81552002e-1
4.5e-1	7.74988e-1	4.04895996e-1	4.04895996e-1
4.875e-1	7.74988e-1	3.30959961e-1	3.30959961e-1
5.25e-1	7.74988e-1	2.63015991e-1	2.63015991e-1
5.625e-1	7.74988e-1	2.03248047e-1	2.03248047e-1
6.0e-1	7.74988e-1	1.52671997e-1	1.52671997e-1

-3.0e-1	8.29154e-1	5.55774536e-2	5.55774536e-2
-2.625e-1	8.29154e-1	7.9736206e-2	7.9736206e-2
-2.25e-1	8.29154e-1	1.11215942e-1	1.11215942e-1
-1.875e-1	8.29154e-1	1.50832031e-1	1.50832031e-1
-1.5e-1	8.29154e-1	1.98927979e-1	1.98927979e-1
-1.125e-1	8.29154e-1	2.55015991e-1	2.55015991e-1
-7.5e-2	8.29154e-1	3.17904053e-1	3.17904053e-1
-3.75e-2	8.29154e-1	3.85287964e-1	3.85287964e-1
0.0e0	8.29154e-1	4.5394397e-1	4.5394397e-1
3.75e-2	8.29154e-1	5.20040039e-1	5.20040039e-1
7.5e-2	8.29154e-1	5.79248047e-1	5.79248047e-1
1.125e-1	8.29154e-1	6.27343994e-1	6.27343994e-1
1.5e-1	8.29154e-1	6.60472046e-1	6.60472046e-1
1.875e-1	8.29154e-1	6.76160034e-1	6.76160034e-1
2.25e-1	8.29154e-1	6.72959961e-1	6.72959961e-1
2.625e-1	8.29154e-1	6.51271973e-1	6.51271973e-1
3.0e-1	8.29154e-1	6.12784058e-1	6.12784058e-1
3.375e-1	8.29154e-1	5.6053601e-1	5.6053601e-1
3.75e-1	8.29154e-1	4.98599976e-1	4.98599976e-1
4.125e-1	8.29154e-1	4.31144043e-1	4.31144043e-1
4.5e-1	8.29154e-1	3.62488037e-1	3.62488037e-1
4.875e-1	8.29154e-1	2.96303955e-1	2.96303955e-1
5.25e-1	8.29154e-1	2.35488037e-1	2.35488037e-1
5.625e-1	8.29154e-1	1.81959961e-1	1.81959961e-1
6.0e-1	8.29154e-1	1.36671997e-1	1.36671997e-1

-3.0e-1	8.8332e-1	4.69238403e-2	4.69238403e-2
-2.625e-1	8.8332e-1	6.7320044e-2	6.7320044e-2
-2.25e-1	8.8332e-1	9.3855957e-2	9.3855957e-2
-1.875e-1	8.8332e-1	1.27384033e-1	1.27384033e-1
-1.5e-1	8.8332e-1	1.67959961e-1	1.67959961e-1
-1.125e-1	8.8332e-1	2.15319946e-1	2.15319946e-1
-7.5e-2	8.8332e-1	2.68384033e-1	2.68384033e-1
-3.75e-2	8.8332e-1	3.25271973e-1	3.25271973e-1
0.0e0	8.8332e-1	3.83287964e-1	3.83287964e-1
3.75e-2	8.8332e-1	4.39063965e-1	4.39063965e-1
7.5e-2	8.8332e-1	4.89072021e-1	4.89072021e-1
1.125e-1	8.8332e-1	5.29640015e-1	5.29640015e-1
1.5e-1	8.8332e-1	5.57656006e-1	5.57656006e-1
1.875e-1	8.8332e-1	5.70848022e-1	5.70848022e-1
2.25e-1	8.8332e-1	5.68215942e-1	5.68215942e-1
2.625e-1	8.8332e-1	5.4988794e-1	5.4988794e-1
3.0e-1	8.8332e-1	5.17391968e-1	5.17391968e-1
3.375e-1	8.8332e-1	4.73303955e-1	4.73303955e-1
3.75e-1	8.8332e-1	4.20895996e-1	4.20895996e-1
4.125e-1	8.8332e-1	3.64e-1	3.64e-1
4.5e-1	8.8332e-1	3.06063965e-1	3.06063965e-1
4.875e-1	8.8332e-1	2.50135986e-1	2.50135986e-1
5.25e-1	8.8332e-1	1.98839966e-1	1.98839966e-1
5.625e-1	8.8332e-1	1.53624023e-1	1.53624023e-1
6.0e-1	8.8332e-1	1.15384033e-1	1.15384033e-1

-3.0e-1	9.3748601e-1	3.73595581e-2	3.73595581e-2
-2.625e-1	9.3748601e-1	5.35985352e-2	5.35985352e-2
-2.25e-1	9.3748601e-1	7.47652222e-2	7.47652222e-2
-1.875e-1	9.3748601e-1	1.01375977e-1	1.01375977e-1
-1.5e-1	9.3748601e-1	1.3370398e-1	1.3370398e-1
-1.125e-1	9.3748601e-1	1.71400024e-1	1.71400024e-1
-7.5e-2	9.3748601e-1	2.13647949e-1	2.13647949e-1
-3.75e-2	9.3748601e-1	2.58936035e-1	2.58936035e-1
0.0e0	9.3748601e-1	3.05104004e-1	3.05104004e-1
3.75e-2	9.3748601e-1	3.49599976e-1	3.49599976e-1
7.5e-2	9.3748601e-1	3.89368042e-1	3.89368042e-1
1.125e-1	9.3748601e-1	4.21687988e-1	4.21687988e-1
1.5e-1	9.3748601e-1	4.44015991e-1	4.44015991e-1
1.875e-1	9.3748601e-1	4.54504028e-1	4.54504028e-1
2.25e-1	9.3748601e-1	4.52432007e-1	4.52432007e-1
2.625e-1	9.3748601e-1	4.37784058e-1	4.37784058e-1
3.0e-1	9.3748601e-1	4.11936035e-1	4.11936035e-1
3.375e-1	9.3748601e-1	3.76807983e-1	3.76807983e-1
3.75e-1	9.3748601e-1	3.35119995e-1	3.35119995e-1
4.125e-1	9.3748601e-1	2.8981604e-1	2.8981604e-1
4.5e-1	9.3748601e-1	2.43656006e-1	2.43656006e-1
4.875e-1	9.3748601e-1	1.99160034e-1	1.99160034e-1
5.25e-1	9.3748601e-1	1.5828003e-1	1.5828003e-1
5.625e-1	9.3748601e-1	1.22264038e-1	1.22264038e-1
6.0e-1	9.3748601e-1	9.1855957e-2	9.1855957e-2

-3.0e-1	9.9165201e-1	2.80495605e-2	2.80495605e-2
-2.625e-1	9.9165201e-1	4.02418457e-2	4.02418457e-2
-2.25e-1	9.9165201e-1	5.61330688e-2	5.61330688e-2
-1.875e-1	9.9165201e-1	7.61278809e-2	7.61278809e-2
-1.5e-1	9.9165201e-1	1.00343994e-1	1.00343994e-1
-1.125e-1	9.9165201e-1	1.2866394e-1	1.2866394e-1
-7.5e-2	9.9165201e-1	1.60439941e-1	1.60439941e-1
-3.75e-2	9.9165201e-1	1.94447998e-1	1.94447998e-1
0.0e0	9.9165201e-1	2.29088013e-1	2.29088013e-1
3.75e-2	9.9165201e-1	2.6246399e-1	2.6246399e-1
7.5e-2	9.9165201e-1	2.92312012e-1	2.92312012e-1
1.125e-1	9.9165201e-1	3.16552002e-1	3.16552002e-1
1.5e-1	9.9165201e-1	3.33352051e-1	3.33352051e-1
1.875e-1	9.9165201e-1	3.41271973e-1	3.41271973e-1
2.25e-1	9.9165201e-1	3.39671997e-1	3.39671997e-1
2.625e-1	9.9165201e-1	3.28712036e-1	3.28712036e-1
3.0e-1	9.9165201e-1	3.09264038e-1	3.09264038e-1
3.375e-1	9.9165201e-1	2.82864014e-1	2.82864014e-1
3.75e-1	9.9165201e-1	2.5157605e-1	2.5157605e-1
4.125e-1	9.9165201e-1	2.17567993e-1	2.17567993e-1
4.5e-1	9.9165201e-1	1.82920044e-1	1.82920044e-1
4.875e-1	9.9165201e-1	1.49552002e-1	1.49552002e-1
5.25e-1	9.9165201e-1	1.18823975e-1	1.18823975e-1
5.625e-1	9.9165201e-1	9.1776001e-2	9.1776001e-2
6.0e-1	9.9165201e-1	6.89909058e-2	6.89909058e-2

-3.0e-1	1.04581801e0	1.98591309e-2	1.98591309e-2
-2.625e-1	1.04581801e0	2.84918335e-2	2.84918335e-2
-2.25e-1	1.04581801e0	3.97429199e-2	3.97429199e-2
-1.875e-1	1.04581801e0	5.38993896e-2	5.38993896e-2
-1.5e-1	1.04581801e0	7.10715576e-2	7.10715576e-2
-1.125e-1	1.04581801e0	9.1135986e-2	9.1135986e-2
-7.5e-2	1.04581801e0	1.1353601e-1	1.1353601e-1
-3.75e-2	1.04581801e0	1.37624023e-1	1.37624023e-1
0.0e0	1.04581801e0	1.62192017e-1	1.62192017e-1
3.75e-2	1.04581801e0	1.85800049e-1	1.85800049e-1
7.5e-2	1.04581801e0	2.06920044e-1	2.06920044e-1
1.125e-1	1.04581801e0	2.24135986e-1	2.24135986e-1
1.5e-1	1.04581801e0	2.35975952e-1	2.35975952e-1
1.875e-1	1.04581801e0	2.4157605e-1	2.4157605e-1
2.25e-1	1.04581801e0	2.40456055e-1	2.40456055e-1
2.625e-1	1.04581801e0	2.32687988e-1	2.32687988e-1
3.0e-1	1.04581801e0	2.18920044e-1	2.18920044e-1
3.375e-1	1.04581801e0	2.0028003e-1	2.0028003e-1
3.75e-1	1.04581801e0	1.7811206e-1	1.7811206e-1
4.125e-1	1.04581801e0	1.54031982e-1	1.54031982e-1
4.5e-1	1.04581801e0	1.2946399e-1	1.2946399e-1
4.875e-1	1.04581801e0	1.05855957e-1	1.05855957e-1
5.25e-1	1.04581801e0	8.4095947e-2	8.4095947e-2
5.625e-1	1.04581801e0	6.50150269e-2	6.50150269e-2
6.0e-1	1.04581801e0	4.88465088e-2	4.88465088e-2

-3.0e-1	1.099984e0	1.32593262e-2	1.32593262e-2
-2.625e-1	1.099984e0	1.90228027e-2	1.90228027e-2
-2.25e-1	1.099984e0	2.6534729e-2	2.6534729e-2
-1.875e-1	1.099984e0	3.59865723e-2	3.59865723e-2
-1.5e-1	1.099984e0	4.74515259e-2	4.74515259e-2
-1.125e-1	1.099984e0	6.08340576e-2	6.08340576e-2
-7.5e-2	1.099984e0	7.58272583e-2	7.58272583e-2
-3.75e-2	1.099984e0	9.1855957e-2	9.1855957e-2
0.0e0	1.099984e0	1.08264038e-1	1.08264038e-1
3.75e-2	1.099984e0	1.24024048e-1	1.24024048e-1
7.5e-2	1.099984e0	1.3818396e-1	1.3818396e-1
1.125e-1	1.099984e0	1.49631958e-1	1.49631958e-1
1.5e-1	1.099984e0	1.57560059e-1	1.57560059e-1
1.875e-1	1.099984e0	1.61312012e-1	1.61312012e-1
2.25e-1	1.099984e0	1.60511963e-1	1.60511963e-1
2.625e-1	1.099984e0	1.55312012e-1	1.55312012e-1
3.0e-1	1.099984e0	1.46192017e-1	1.46192017e-1
3.375e-1	1.099984e0	1.3370398e-1	1.3370398e-1
3.75e-1	1.099984e0	1.18895996e-1	1.18895996e-1
4.125e-1	1.099984e0	1.0281604e-1	1.0281604e-1
4.5e-1	1.099984e0	8.6416016e-2	8.6416016e-2
4.875e-1	1.099984e0	7.06788574e-2	7.06788574e-2
5.25e-1	1.099984e0	5.61742798e-2	5.61742798e-2
5.625e-1	1.099984e0	4.34080322e-2	4.34080322e-2
6.0e-1	1.099984e0	3.26125366e-2	3.26125366e-2
