-2.0e0	-2.0e0	-6.7090363e-4	-6.7090363e-4
-1.833334e0	-2.0e0	-1.16502808e-3	-1.16502808e-3
-1.6666681e0	-2.0e0	-1.8978853e-3	-1.8978853e-3
-1.5000021e0	-2.0e0	-2.8955779e-3	-2.8955779e-3
-1.3333362e0	-2.0e0	-4.1272417e-3	-4.1272417e-3
-1.1666702e0	-2.0e0	-5.4781322e-3	-5.4781322e-3
-1.0000043e0	-2.0e0	-6.7376651e-3	-6.7376651e-3
-8.333383e-1	-2.0e0	-7.62133388e-3	-7.62133388e-3
-6.666723e-1	-2.0e0	-7.8287411e-3	-7.8287411e-3
-5.000063e-1	-2.0e0	-7.131948e-3	-7.131948e-3
-3.333403e-1	-2.0e0	-5.4630302e-3	-5.4630302e-3
-1.666743e-1	-2.0e0	-2.9689604e-3	-2.9689604e-3
-8.3e-6	-2.0e0	-1.52013e-7	-1.52013e-7
1.6665771e-1	-2.0e0	2.9687303e-3	2.9687303e-3
3.3332372e-1	-2.0e0	5.462839e-3	5.462839e-3
4.9998972e-1	-2.0e0	7.1317358e-3	7.1317358e-3
6.6665572e-1	-2.0e0	7.82879e-3	7.82879e-3
8.3332172e-1	-2.0e0	7.621431e-3	7.621431e-3
9.9998772e-1	-2.0e0	6.73787398e-3	6.73787398e-3
1.16665372e0	-2.0e0	5.4781958e-3	5.4781958e-3
1.3333197e0	-2.0e0	4.1273749e-3	4.1273749e-3
1.4999857e0	-2.0e0	2.89564e-3	2.89564e-3
1.6666516e0	-2.0e0	1.8979985e-3	1.8979985e-3
1.8333176e0	-2.0e0	1.16508511e-3	1.16508511e-3
1.9999835e0	-2.0e0	6.7093796e-4	6.7093796e-4

-2.0e0	-1.833334e0	-1.27093903e-3	-1.27093903e-3
-1.833334e0	-1.833334e0	-2.2069612e-3	-2.2069612e-3
-1.6666681e0	-1.833334e0	-3.5953387e-3	-3.5953387e-3
-1.5000021e0	-1.833334e0	-5.4852937e-3	-5.4852937e-3
-1.3333362e0	-1.833334e0	-7.8186224e-3	-7.8186224e-3
-1.1666702e0	-1.833334e0	-1.03776451e-2	-1.03776451e-2
-1.0000043e0	-1.833334e0	-1.2763379e-2	-1.2763379e-2
-8.333383e-1	-1.833334e0	-1.44374565e-2	-1.44374565e-2
-6.666723e-1	-1.833334e0	-1.48305913e-2	-1.48305913e-2
-5.000063e-1	-1.833334e0	-1.35105907e-2	-1.35105907e-2
-3.333403e-1	-1.833334e0	-1.03491289e-2	-1.03491289e-2
-1.666743e-1	-1.833334e0	-5.624341e-3	-5.624341e-3
-8.3e-6	-1.833334e0	-2.87972234e-7	-2.87972234e-7
1.6665771e-1	-1.833334e0	5.623912e-3	5.623912e-3
3.3332372e-1	-1.833334e0	1.03487193e-2	1.03487193e-2
4.9998972e-1	-1.833334e0	1.35103438e-2	1.35103438e-2
6.6665572e-1	-1.833334e0	1.48306792e-2	1.48306792e-2
8.3332172e-1	-1.833334e0	1.4437588e-2	1.4437588e-2
9.9998772e-1	-1.833334e0	1.27638058e-2	1.27638058e-2
1.16665372e0	-1.833334e0	1.03778163e-2	1.03778163e-2
1.3333197e0	-1.833334e0	7.8188577e-3	7.8188577e-3
1.4999857e0	-1.833334e0	5.4854645e-3	5.4854645e-3
1.6666516e0	-1.833334e0	3.5955313e-3	3.5955313e-3
1.8333176e0	-1.833334e0	2.2070557e-3	2.2070557e-3
1.9999835e0	-1.833334e0	1.2710022e-3	1.2710022e-3

-2.0e0	-1.6666681e0	-2.2774597e-3	-2.2774597e-3
-1.833334e0	-1.6666681e0	-3.95487e-3	-3.95487e-3
-1.6666681e0	-1.6666681e0	-6.442861e-3	-6.442861e-3
-1.5000021e0	-1.6666681e0	-9.8296196e-3	-9.8296196e-3
-1.3333362e0	-1.6666681e0	-1.4010768e-2	-1.4010768e-2
-1.1666702e0	-1.6666681e0	-1.8596317e-2	-1.8596317e-2
-1.0000043e0	-1.6666681e0	-2.2872327e-2	-2.2872327e-2
-8.333383e-1	-1.6666681e0	-2.58720038e-2	-2.58720038e-2
-6.666723e-1	-1.6666681e0	-2.65764192e-2	-2.65764192e-2
-5.000063e-1	-1.6666681e0	-2.421092e-2	-2.421092e-2
-3.333403e-1	-1.6666681e0	-1.85456503e-2	-1.85456503e-2
-1.666743e-1	-1.6666681e0	-1.00788742e-2	-1.00788742e-2
-8.3e-6	-1.6666681e0	-5.16043787e-7	-5.16043787e-7
1.6665771e-1	-1.6666681e0	1.0077983e-2	1.0077983e-2
3.3332372e-1	-1.6666681e0	1.854502e-2	1.854502e-2
4.9998972e-1	-1.6666681e0	2.42105644e-2	2.42105644e-2
6.6665572e-1	-1.6666681e0	2.65764377e-2	2.65764377e-2
8.3332172e-1	-1.6666681e0	2.58721867e-2	2.58721867e-2
9.9998772e-1	-1.6666681e0	2.28729355e-2	2.28729355e-2
1.16665372e0	-1.6666681e0	1.8596689e-2	1.8596689e-2
1.3333197e0	-1.6666681e0	1.4011101e-2	1.4011101e-2
1.4999857e0	-1.6666681e0	9.8300163e-3	9.8300163e-3
1.6666516e0	-1.6666681e0	6.4432108e-3	6.4432108e-3
1.8333176e0	-1.6666681e0	3.9550854e-3	3.9550854e-3
1.9999835e0	-1.6666681e0	2.2775992e-3	2.2775992e-3

-2.0e0	-1.5000021e0	-3.8607666e-3	-3.8607666e-3
-1.833334e0	-1.5000021e0	-6.7042448e-3	-6.7042448e-3
-1.6666681e0	-1.5000021e0	-1.09218018e-2	-1.09218018e-2
-1.5000021e0	-1.5000021e0	-1.6662477e-2	-1.6662477e-2
-1.3333362e0	-1.5000021e0	-2.3750635e-2	-2.3750635e-2
-1.1666702e0	-1.5000021e0	-3.1523808e-2	-3.1523808e-2
-1.0000043e0	-1.5000021e0	-3.8772546e-2	-3.8772546e-2
-8.333383e-1	-1.5000021e0	-4.38578749e-2	-4.38578749e-2
-6.666723e-1	-1.5000021e0	-4.50516849e-2	-4.50516849e-2
-5.000063e-1	-1.5000021e0	-4.104114e-2	-4.104114e-2
-3.333403e-1	-1.5000021e0	-3.14381825e-2	-3.14381825e-2
-1.666743e-1	-1.5000021e0	-1.7087451e-2	-1.7087451e-2
-8.3e-6	-1.5000021e0	-8.7498662e-7	-8.7498662e-7
1.6665771e-1	-1.5000021e0	1.7085747e-2	1.7085747e-2
3.3332372e-1	-1.5000021e0	3.14366139e-2	3.14366139e-2
4.9998972e-1	-1.5000021e0	4.10404968e-2	4.10404968e-2
6.6665572e-1	-1.5000021e0	4.50521478e-2	4.50521478e-2
8.3332172e-1	-1.5000021e0	4.38584364e-2	4.38584364e-2
9.9998772e-1	-1.5000021e0	3.87729642e-2	3.87729642e-2
1.16665372e0	-1.5000021e0	3.1525009e-2	3.1525009e-2
1.3333197e0	-1.5000021e0	2.3751476e-2	2.3751476e-2
1.4999857e0	-1.5000021e0	1.6663063e-2	1.6663063e-2
1.6666516e0	-1.5000021e0	1.09224013e-2	1.09224013e-2
1.8333176e0	-1.5000021e0	6.7045947e-3	6.7045947e-3
1.9999835e0	-1.5000021e0	3.8609538e-3	3.8609538e-3

-2.0e0	-1.3333362e0	-6.1908508e-3	-6.1908508e-3
-1.833334e0	-1.3333362e0	-1.07505913e-2	-1.07505913e-2
-1.6666681e0	-1.3333362e0	-1.7513449e-2	-1.7513449e-2
-1.5000021e0	-1.3333362e0	-2.671944e-2	-2.671944e-2
-1.3333362e0	-1.3333362e0	-3.8085623e-2	-3.8085623e-2
-1.1666702e0	-1.3333362e0	-5.0550986e-2	-5.0550986e-2
-1.0000043e0	-1.3333362e0	-6.2173761e-2	-6.2173761e-2
-8.333383e-1	-1.3333362e0	-7.03279123e-2	-7.03279123e-2
-6.666723e-1	-1.3333362e0	-7.2213954e-2	-7.2213954e-2
-5.000063e-1	-1.3333362e0	-6.5810835e-2	-6.5810835e-2
-3.333403e-1	-1.3333362e0	-5.0411057e-2	-5.0411057e-2
-1.666743e-1	-1.3333362e0	-2.739127e-2	-2.739127e-2
-8.3e-6	-1.3333362e0	-1.40303258e-6	-1.40303258e-6
1.6665771e-1	-1.3333362e0	2.7388538e-2	2.7388538e-2
3.3332372e-1	-1.3333362e0	5.0408542e-2	5.0408542e-2
4.9998972e-1	-1.3333362e0	6.5808667e-2	6.5808667e-2
6.6665572e-1	-1.3333362e0	7.2212154e-2	7.2212154e-2
8.3332172e-1	-1.3333362e0	7.03285686e-2	7.03285686e-2
9.9998772e-1	-1.3333362e0	6.21755257e-2	6.21755257e-2
1.16665372e0	-1.3333362e0	5.055147e-2	5.055147e-2
1.3333197e0	-1.3333362e0	3.8086751e-2	3.8086751e-2
1.4999857e0	-1.3333362e0	2.672045e-2	2.672045e-2
1.6666516e0	-1.3333362e0	1.751439e-2	1.751439e-2
1.8333176e0	-1.3333362e0	1.07511055e-2	1.07511055e-2
1.9999835e0	-1.3333362e0	6.1911894e-3	6.1911894e-3

-2.0e0	-1.1666702e0	-9.3910553e-3	-9.3910553e-3
-1.833334e0	-1.1666702e0	-1.63076874e-2	-1.63076874e-2
-1.6666681e0	-1.1666702e0	-2.6566118e-2	-2.6566118e-2
-1.5000021e0	-1.1666702e0	-4.0530528e-2	-4.0530528e-2
-1.3333362e0	-1.1666702e0	-5.7772488e-2	-5.7772488e-2
-1.1666702e0	-1.1666702e0	-7.6679817e-2	-7.6679817e-2
-1.0000043e0	-1.1666702e0	-9.4311511e-2	-9.4311511e-2
-8.333383e-1	-1.1666702e0	-1.06683987e-1	-1.06683987e-1
-6.666723e-1	-1.1666702e0	-1.09560974e-1	-1.09560974e-1
-5.000063e-1	-1.1666702e0	-9.982623e-2	-9.982623e-2
-3.333403e-1	-1.1666702e0	-7.6484956e-2	-7.6484956e-2
-1.666743e-1	-1.1666702e0	-4.1561922e-2	-4.1561922e-2
-8.3e-6	-1.1666702e0	-2.12770454e-6	-2.12770454e-6
1.6665771e-1	-1.1666702e0	4.1557774e-2	4.1557774e-2
3.3332372e-1	-1.1666702e0	7.648114e-2	7.648114e-2
4.9998972e-1	-1.1666702e0	9.982294e-2	9.982294e-2
6.6665572e-1	-1.1666702e0	1.0955824e-1	1.0955824e-1
8.3332172e-1	-1.1666702e0	1.06681857e-1	1.06681857e-1
9.9998772e-1	-1.1666702e0	9.43127066e-2	9.43127066e-2
1.16665372e0	-1.1666702e0	7.6682239e-2	7.6682239e-2
1.3333197e0	-1.1666702e0	5.7774223e-2	5.7774223e-2
1.4999857e0	-1.1666702e0	4.0532243e-2	4.0532243e-2
1.6666516e0	-1.1666702e0	2.6567122e-2	2.6567122e-2
1.8333176e0	-1.1666702e0	1.63085257e-2	1.63085257e-2
1.9999835e0	-1.1666702e0	9.391544e-3	9.391544e-3

-2.0e0	-1.0000043e0	-1.34752686e-2	-1.34752686e-2
-1.833334e0	-1.0000043e0	-2.3399434e-2	-2.3399434e-2
-1.6666681e0	-1.0000043e0	-3.8120418e-2	-3.8120418e-2
-1.5000021e0	-1.0000043e0	-5.8158612e-2	-5.8158612e-2
-1.3333362e0	-1.0000043e0	-8.2898126e-2	-8.2898126e-2
-1.1666702e0	-1.0000043e0	-1.1002993e-1	-1.1002993e-1
-1.0000043e0	-1.0000043e0	-1.3533066e-1	-1.3533066e-1
-8.333383e-1	-1.0000043e0	-1.53109258e-1	-1.53109258e-1
-6.666723e-1	-1.0000043e0	-1.57241333e-1	-1.57241333e-1
-5.000063e-1	-1.0000043e0	-1.4328182e-1	-1.4328182e-1
-3.333403e-1	-1.0000043e0	-1.09728957e-1	-1.09728957e-1
-1.666743e-1	-1.0000043e0	-5.9649405e-2	-5.9649405e-2
-8.3e-6	-1.0000043e0	-3.05332121e-6	-3.05332121e-6
1.6665771e-1	-1.0000043e0	5.9643452e-2	5.9643452e-2
3.3332372e-1	-1.0000043e0	1.0975349e-1	1.0975349e-1
4.9998972e-1	-1.0000043e0	1.432771e-1	1.432771e-1
6.6665572e-1	-1.0000043e0	1.5723741e-1	1.5723741e-1
8.3332172e-1	-1.0000043e0	1.53106201e-1	1.53106201e-1
9.9998772e-1	-1.0000043e0	1.35328395e-1	1.35328395e-1
1.16665372e0	-1.0000043e0	1.10033492e-1	1.10033492e-1
1.3333197e0	-1.0000043e0	8.2902353e-2	8.2902353e-2
1.4999857e0	-1.0000043e0	5.81607e-2	5.81607e-2
1.6666516e0	-1.0000043e0	3.8122067e-2	3.8122067e-2
1.8333176e0	-1.0000043e0	2.3400731e-2	2.3400731e-2
1.9999835e0	-1.0000043e0	1.34762997e-2	1.34762997e-2

-2.0e0	-8.333383e-1	-1.82910919e-2	-1.82910919e-2
-1.833334e0	-8.333383e-1	-3.1762231e-2	-3.1762231e-2
-1.6666681e0	-8.333383e-1	-5.174376e-2	-5.174376e-2
-1.5000021e0	-8.333383e-1	-7.8943782e-2	-7.8943782e-2
-1.3333362e0	-8.333383e-1	-1.125242e-1	-1.125242e-1
-1.1666702e0	-8.333383e-1	-1.4935713e-1	-1.4935713e-1
-1.0000043e0	-8.333383e-1	-1.8373085e-1	-1.8373085e-1
-8.333383e-1	-8.333383e-1	-2.0780128e-1	-2.0780128e-1
-6.666723e-1	-8.333383e-1	-2.13455193e-1	-2.13455193e-1
-5.000063e-1	-8.333383e-1	-1.94497443e-1	-1.94497443e-1
-3.333403e-1	-8.333383e-1	-1.48969788e-1	-1.48969788e-1
-1.666743e-1	-8.333383e-1	-8.0957074e-2	-8.0957074e-2
-8.3e-6	-8.333383e-1	-4.14518611e-6	-4.14518611e-6
1.6665771e-1	-8.333383e-1	8.0948994e-2	8.0948994e-2
3.3332372e-1	-8.333383e-1	1.48962355e-1	1.48962355e-1
4.9998972e-1	-8.333383e-1	1.94491032e-1	1.94491032e-1
6.6665572e-1	-8.333383e-1	2.13449867e-1	2.13449867e-1
8.3332172e-1	-8.333383e-1	2.07797133e-1	2.07797133e-1
9.9998772e-1	-8.333383e-1	1.83727768e-1	1.83727768e-1
1.16665372e0	-8.333383e-1	1.49355e-1	1.49355e-1
1.3333197e0	-8.333383e-1	1.12528339e-1	1.12528339e-1
1.4999857e0	-8.333383e-1	7.8946321e-2	7.8946321e-2
1.6666516e0	-8.333383e-1	5.174619e-2	5.174619e-2
1.8333176e0	-8.333383e-1	3.1763843e-2	3.1763843e-2
1.9999835e0	-8.333383e-1	1.82923512e-2	1.82923512e-2

-2.0e0	-6.666723e-1	-2.3486023e-2	-2.3486023e-2
-1.833334e0	-6.666723e-1	-4.07838e-2	-4.07838e-2
-1.6666681e0	-6.666723e-1	-6.6440561e-2	-6.6440561e-2
-1.5000021e0	-6.666723e-1	-1.01365527e-1	-1.01365527e-1
-1.3333362e0	-6.666723e-1	-1.4442694e-1	-1.4442694e-1
-1.1666702e0	-6.666723e-1	-1.9173065e-1	-1.9173065e-1
-1.0000043e0	-6.666723e-1	-2.3586105e-1	-2.3586105e-1
-8.333383e-1	-6.666723e-1	-2.66818306e-1	-2.66818306e-1
-6.666723e-1	-6.666723e-1	-2.74135643e-1	-2.74135643e-1
-5.000063e-1	-6.666723e-1	-2.4971313e-1	-2.4971313e-1
-3.333403e-1	-6.666723e-1	-1.91284007e-1	-1.91284007e-1
-1.666743e-1	-6.666723e-1	-1.03963123e-1	-1.03963123e-1
-8.3e-6	-6.666723e-1	-5.322375e-6	-5.322375e-6
1.6665771e-1	-6.666723e-1	1.0395275e-1	1.0395275e-1
3.3332372e-1	-6.666723e-1	1.91274463e-1	1.91274463e-1
4.9998972e-1	-6.666723e-1	2.497049e-1	2.497049e-1
6.6665572e-1	-6.666723e-1	2.74128804e-1	2.74128804e-1
8.3332172e-1	-6.666723e-1	2.6681298e-1	2.6681298e-1
9.9998772e-1	-6.666723e-1	2.35857106e-1	2.35857106e-1
1.16665372e0	-6.666723e-1	1.9172789e-1	1.9172789e-1
1.3333197e0	-6.666723e-1	1.4442513e-1	1.4442513e-1
1.4999857e0	-6.666723e-1	1.01369691e-1	1.01369691e-1
1.6666516e0	-6.666723e-1	6.6443553e-2	6.6443553e-2
1.8333176e0	-6.666723e-1	4.0785832e-2	4.0785832e-2
1.9999835e0	-6.666723e-1	2.3487503e-2	2.3487503e-2

-2.0e0	-5.000063e-1	-2.8527435e-2	-2.8527435e-2
-1.833334e0	-5.000063e-1	-4.953824e-2	-4.953824e-2
-1.6666681e0	-5.000063e-1	-8.0702155e-2	-8.0702155e-2
-1.5000021e0	-5.000063e-1	-1.23122005e-1	-1.23122005e-1
-1.3333362e0	-5.000063e-1	-1.754937e-1	-1.754937e-1
-1.1666702e0	-5.000063e-1	-2.3292566e-1	-2.3292566e-1
-1.0000043e0	-5.000063e-1	-2.8656136e-1	-2.8656136e-1
-8.333383e-1	-5.000063e-1	-3.24160289e-1	-3.24160289e-1
-6.666723e-1	-5.000063e-1	-3.3294952e-1	-3.3294952e-1
-5.000063e-1	-5.000063e-1	-3.03323802e-1	-3.03323802e-1
-3.333403e-1	-5.000063e-1	-2.32361525e-1	-2.32361525e-1
-1.666743e-1	-5.000063e-1	-1.26269144e-1	-1.26269144e-1
-8.3e-6	-5.000063e-1	-6.46553358e-6	-6.46553358e-6
1.6665771e-1	-5.000063e-1	1.26256543e-1	1.26256543e-1
3.3332372e-1	-5.000063e-1	2.32349931e-1	2.32349931e-1
4.9998972e-1	-5.000063e-1	3.03313805e-1	3.03313805e-1
6.6665572e-1	-5.000063e-1	3.32941214e-1	3.32941214e-1
8.3332172e-1	-5.000063e-1	3.2415382e-1	3.2415382e-1
9.9998772e-1	-5.000063e-1	2.8655656e-1	2.8655656e-1
1.16665372e0	-5.000063e-1	2.329223e-1	2.329223e-1
1.3333197e0	-5.000063e-1	1.7549149e-1	1.7549149e-1
1.4999857e0	-5.000063e-1	1.23127138e-1	1.23127138e-1
1.6666516e0	-5.000063e-1	8.0705106e-2	8.0705106e-2
1.8333176e0	-5.000063e-1	4.9540976e-2	4.9540976e-2
1.9999835e0	-5.000063e-1	2.8529057e-2	2.8529057e-2

-2.0e0	-3.333403e-1	-3.2777496e-2	-3.2777496e-2
-1.833334e0	-3.333403e-1	-5.691905e-2	-5.691905e-2
-1.6666681e0	-3.333403e-1	-9.2726425e-2	-9.2726425e-2
-1.5000021e0	-3.333403e-1	-1.41469008e-1	-1.41469008e-1
-1.3333362e0	-3.333403e-1	-2.016404e-1	-2.016404e-1
-1.1666702e0	-3.333403e-1	-2.6769257e-1	-2.6769257e-1
-1.0000043e0	-3.333403e-1	-3.2918149e-1	-3.2918149e-1
-8.333383e-1	-3.333403e-1	-3.72418913e-1	-3.72418913e-1
-6.666723e-1	-3.333403e-1	-3.82563286e-1	-3.82563286e-1
-5.000063e-1	-3.333403e-1	-3.48539363e-1	-3.48539363e-1
-3.333403e-1	-3.333403e-1	-2.66968929e-1	-2.66968929e-1
-1.666743e-1	-3.333403e-1	-1.45090024e-1	-1.45090024e-1
-8.3e-6	-3.333403e-1	-7.4285e-6	-7.4285e-6
1.6665771e-1	-3.333403e-1	1.45075545e-1	1.45075545e-1
3.3332372e-1	-3.333403e-1	2.66955608e-1	2.66955608e-1
4.9998972e-1	-3.333403e-1	3.48527876e-1	3.48527876e-1
6.6665572e-1	-3.333403e-1	3.82553741e-1	3.82553741e-1
8.3332172e-1	-3.333403e-1	3.7241148e-1	3.7241148e-1
9.9998772e-1	-3.333403e-1	3.29265999e-1	3.29265999e-1
1.16665372e0	-3.333403e-1	2.676887e-1	2.676887e-1
1.3333197e0	-3.333403e-1	2.0163785e-1	2.0163785e-1
1.4999857e0	-3.333403e-1	1.41473749e-1	1.41473749e-1
1.6666516e0	-3.333403e-1	9.2730908e-2	9.2730908e-2
1.8333176e0	-3.333403e-1	5.6922333e-2	5.6922333e-2
1.9999835e0	-3.333403e-1	3.2779387e-2	3.2779387e-2

-2.0e0	-1.666743e-1	-3.5625885e-2	-3.5625885e-2
-1.833334e0	-1.666743e-1	-6.1864935e-2	-6.1864935e-2
-1.6666681e0	-1.666743e-1	-1.00784221e-1	-1.00784221e-1
-1.5000021e0	-1.666743e-1	-1.5378014e-1	-1.5378014e-1
-1.3333362e0	-1.666743e-1	-2.1912048e-1	-2.1912048e-1
-1.1666702e0	-1.666743e-1	-2.9092093e-1	-2.9092093e-1
-1.0000043e0	-1.666743e-1	-3.5788158e-1	-3.5788158e-1
-8.333383e-1	-1.666743e-1	-4.04769139e-1	-4.04769139e-1
-6.666723e-1	-1.666743e-1	-4.15836887e-1	-4.15836887e-1
-5.000063e-1	-1.666743e-1	-3.78794717e-1	-3.78794717e-1
-3.333403e-1	-1.666743e-1	-2.90172742e-1	-2.90172742e-1
-1.666743e-1	-1.666743e-1	-1.57693932e-1	-1.57693932e-1
-8.3e-6	-1.666743e-1	-8.0744058e-6	-8.0744058e-6
1.6665771e-1	-1.666743e-1	1.57678195e-1	1.57678195e-1
3.3332372e-1	-1.666743e-1	2.90158264e-1	2.90158264e-1
4.9998972e-1	-1.666743e-1	3.78782233e-1	3.78782233e-1
6.6665572e-1	-1.666743e-1	4.15826512e-1	4.15826512e-1
8.3332172e-1	-1.666743e-1	4.04835954e-1	4.04835954e-1
9.9998772e-1	-1.666743e-1	3.57875574e-1	3.57875574e-1
1.16665372e0	-1.666743e-1	2.9091675e-1	2.9091675e-1
1.3333197e0	-1.666743e-1	2.1911772e-1	2.1911772e-1
1.4999857e0	-1.666743e-1	1.5377856e-1	1.5377856e-1
1.6666516e0	-1.666743e-1	1.0078936e-1	1.0078936e-1
1.8333176e0	-1.666743e-1	6.1867976e-2	6.1867976e-2
1.9999835e0	-1.666743e-1	3.562873e-2	3.562873e-2

-2.0e0	-8.3e-6	-3.6629639e-2	-3.6629639e-2
-1.833334e0	-8.3e-6	-6.3608359e-2	-6.3608359e-2
-1.6666681e0	-8.3e-6	-1.03623376e-1	-1.03623376e-1
-1.5000021e0	-8.3e-6	-1.5813026e-1	-1.5813026e-1
-1.3333362e0	-8.3e-6	-2.2538718e-1	-2.2538718e-1
-1.1666702e0	-8.3e-6	-2.9907584e-1	-2.9907584e-1
-1.0000043e0	-8.3e-6	-3.678717e-1	-3.678717e-1
-8.333383e-1	-8.3e-6	-4.16185834e-1	-4.16185834e-1
-6.666723e-1	-8.3e-6	-4.27503653e-1	-4.27503653e-1
-5.000063e-1	-8.3e-6	-3.89494847e-1	-3.89494847e-1
-3.333403e-1	-8.3e-6	-2.98339569e-1	-2.98339569e-1
-1.666743e-1	-8.3e-6	-1.62144133e-1	-1.62144133e-1
-8.3e-6	-8.3e-6	-8.3e-6	-8.3e-6
1.6665771e-1	-8.3e-6	1.62127954e-1	1.62127954e-1
3.3332372e-1	-8.3e-6	2.98324684e-1	2.98324684e-1
4.9998972e-1	-8.3e-6	3.8948201e-1	3.8948201e-1
6.6665572e-1	-8.3e-6	4.27553004e-1	4.27553004e-1
8.3332172e-1	-8.3e-6	4.16177527e-1	4.16177527e-1
9.9998772e-1	-8.3e-6	3.6797555e-1	3.6797555e-1
1.16665372e0	-8.3e-6	2.9907153e-1	2.9907153e-1
1.3333197e0	-8.3e-6	2.2538434e-1	2.2538434e-1
1.4999857e0	-8.3e-6	1.5812866e-1	1.5812866e-1
1.6666516e0	-8.3e-6	1.03628537e-1	1.03628537e-1
1.8333176e0	-8.3e-6	6.3611917e-2	6.3611917e-2
1.9999835e0	-8.3e-6	3.6631467e-2	3.6631467e-2

-2.0e0	1.6665771e-1	-3.5626678e-2	-3.5626678e-2
-1.833334e0	1.6665771e-1	-6.186639e-2	-6.186639e-2
-1.6666681e0	1.6665771e-1	-1.00785365e-1	-1.00785365e-1
-1.5000021e0	1.6665771e-1	-1.5378014e-1	-1.5378014e-1
-1.3333362e0	1.6665771e-1	-2.1912048e-1	-2.1912048e-1
-1.1666702e0	1.6665771e-1	-2.9092093e-1	-2.9092093e-1
-1.0000043e0	1.6665771e-1	-3.5788158e-1	-3.5788158e-1
-8.333383e-1	1.6665771e-1	-4.04769139e-1	-4.04769139e-1
-6.666723e-1	1.6665771e-1	-4.15836887e-1	-4.15836887e-1
-5.000063e-1	1.6665771e-1	-3.78794717e-1	-3.78794717e-1
-3.333403e-1	1.6665771e-1	-2.90172742e-1	-2.90172742e-1
-1.666743e-1	1.6665771e-1	-1.57693932e-1	-1.57693932e-1
-8.3e-6	1.6665771e-1	-8.0744058e-6	-8.0744058e-6
1.6665771e-1	1.6665771e-1	1.57678195e-1	1.57678195e-1
3.3332372e-1	1.6665771e-1	2.90158264e-1	2.90158264e-1
4.9998972e-1	1.6665771e-1	3.78782233e-1	3.78782233e-1
6.6665572e-1	1.6665771e-1	4.15826512e-1	4.15826512e-1
8.3332172e-1	1.6665771e-1	4.04835954e-1	4.04835954e-1
9.9998772e-1	1.6665771e-1	3.57875574e-1	3.57875574e-1
1.16665372e0	1.6665771e-1	2.9091675e-1	2.9091675e-1
1.3333197e0	1.6665771e-1	2.1911772e-1	2.1911772e-1
1.4999857e0	1.6665771e-1	1.5377856e-1	1.5377856e-1
1.6666516e0	1.6665771e-1	1.00790352e-1	1.00790352e-1
1.8333176e0	1.6665771e-1	6.1869516e-2	6.1869516e-2
1.9999835e0	1.6665771e-1	3.562873e-2	3.562873e-2

-2.0e0	3.3332372e-1	-3.2777985e-2	-3.2777985e-2
-1.833334e0	3.3332372e-1	-5.6919638e-2	-5.6919638e-2
-1.6666681e0	3.3332372e-1	-9.27279e-2	-9.27279e-2
-1.5000021e0	3.3332372e-1	-1.41469008e-1	-1.41469008e-1
-1.3333362e0	3.3332372e-1	-2.016404e-1	-2.016404e-1
-1.1666702e0	3.3332372e-1	-2.6769257e-1	-2.6769257e-1
-1.0000043e0	3.3332372e-1	-3.2927151e-1	-3.2927151e-1
-8.333383e-1	3.3332372e-1	-3.72418913e-1	-3.72418913e-1
-6.666723e-1	3.3332372e-1	-3.82563286e-1	-3.82563286e-1
-5.000063e-1	3.3332372e-1	-3.48539363e-1	-3.48539363e-1
-3.333403e-1	3.3332372e-1	-2.66968929e-1	-2.66968929e-1
-1.666743e-1	3.3332372e-1	-1.45090024e-1	-1.45090024e-1
-8.3e-6	3.3332372e-1	-7.4285e-6	-7.4285e-6
1.6665771e-1	3.3332372e-1	1.45075545e-1	1.45075545e-1
3.3332372e-1	3.3332372e-1	2.66955608e-1	2.66955608e-1
4.9998972e-1	3.3332372e-1	3.48527876e-1	3.48527876e-1
6.6665572e-1	3.3332372e-1	3.82553741e-1	3.82553741e-1
8.3332172e-1	3.3332372e-1	3.7241148e-1	3.7241148e-1
9.9998772e-1	3.3332372e-1	3.29265999e-1	3.29265999e-1
1.16665372e0	3.3332372e-1	2.676887e-1	2.676887e-1
1.3333197e0	3.3332372e-1	2.0163785e-1	2.0163785e-1
1.4999857e0	3.3332372e-1	1.41473749e-1	1.41473749e-1
1.6666516e0	3.3332372e-1	9.2730908e-2	9.2730908e-2
1.8333176e0	3.3332372e-1	5.6922585e-2	5.6922585e-2
1.9999835e0	3.3332372e-1	3.27796e-2	3.27796e-2

-2.0e0	4.9998972e-1	-2.8527527e-2	-2.8527527e-2
-1.833334e0	4.9998972e-1	-4.9538968e-2	-4.9538968e-2
-1.6666681e0	4.9998972e-1	-8.070363e-2	-8.070363e-2
-1.5000021e0	4.9998972e-1	-1.23124133e-1	-1.23124133e-1
-1.3333362e0	4.9998972e-1	-1.754937e-1	-1.754937e-1
-1.1666702e0	4.9998972e-1	-2.3292566e-1	-2.3292566e-1
-1.0000043e0	4.9998972e-1	-2.8656136e-1	-2.8656136e-1
-8.333383e-1	4.9998972e-1	-3.24160289e-1	-3.24160289e-1
-6.666723e-1	4.9998972e-1	-3.3294952e-1	-3.3294952e-1
-5.000063e-1	4.9998972e-1	-3.03323802e-1	-3.03323802e-1
-3.333403e-1	4.9998972e-1	-2.32361525e-1	-2.32361525e-1
-1.666743e-1	4.9998972e-1	-1.26269144e-1	-1.26269144e-1
-8.3e-6	4.9998972e-1	-6.46553358e-6	-6.46553358e-6
1.6665771e-1	4.9998972e-1	1.26256543e-1	1.26256543e-1
3.3332372e-1	4.9998972e-1	2.32349931e-1	2.32349931e-1
4.9998972e-1	4.9998972e-1	3.03313805e-1	3.03313805e-1
6.6665572e-1	4.9998972e-1	3.32941214e-1	3.32941214e-1
8.3332172e-1	4.9998972e-1	3.2415382e-1	3.2415382e-1
9.9998772e-1	4.9998972e-1	2.8655656e-1	2.8655656e-1
1.16665372e0	4.9998972e-1	2.329223e-1	2.329223e-1
1.3333197e0	4.9998972e-1	1.7549149e-1	1.7549149e-1
1.4999857e0	4.9998972e-1	1.23128328e-1	1.23128328e-1
1.6666516e0	4.9998972e-1	8.0706326e-2	8.0706326e-2
1.8333176e0	4.9998972e-1	4.9541591e-2	4.9541591e-2
1.9999835e0	4.9998972e-1	2.852921e-2	2.852921e-2

-2.0e0	6.6665572e-1	-2.3486755e-2	-2.3486755e-2
-1.833334e0	6.6665572e-1	-4.0785059e-2	-4.0785059e-2
-1.6666681e0	6.6665572e-1	-6.6442265e-2	-6.6442265e-2
-1.5000021e0	6.6665572e-1	-1.01369098e-1	-1.01369098e-1
-1.3333362e0	6.6665572e-1	-1.4442694e-1	-1.4442694e-1
-1.1666702e0	6.6665572e-1	-1.9173065e-1	-1.9173065e-1
-1.0000043e0	6.6665572e-1	-2.3586105e-1	-2.3586105e-1
-8.333383e-1	6.6665572e-1	-2.66818306e-1	-2.66818306e-1
-6.666723e-1	6.6665572e-1	-2.74135643e-1	-2.74135643e-1
-5.000063e-1	6.6665572e-1	-2.4971313e-1	-2.4971313e-1
-3.333403e-1	6.6665572e-1	-1.91284007e-1	-1.91284007e-1
-1.666743e-1	6.6665572e-1	-1.03963123e-1	-1.03963123e-1
-8.3e-6	6.6665572e-1	-5.32312222e-6	-5.32312222e-6
1.6665771e-1	6.6665572e-1	1.0395275e-1	1.0395275e-1
3.3332372e-1	6.6665572e-1	1.91274463e-1	1.91274463e-1
4.9998972e-1	6.6665572e-1	2.497049e-1	2.497049e-1
6.6665572e-1	6.6665572e-1	2.74128804e-1	2.74128804e-1
8.3332172e-1	6.6665572e-1	2.6681298e-1	2.6681298e-1
9.9998772e-1	6.6665572e-1	2.35857106e-1	2.35857106e-1
1.16665372e0	6.6665572e-1	1.9172789e-1	1.9172789e-1
1.3333197e0	6.6665572e-1	1.4442513e-1	1.4442513e-1
1.4999857e0	6.6665572e-1	1.01372598e-1	1.01372598e-1
1.6666516e0	6.6665572e-1	6.6445894e-2	6.6445894e-2
1.8333176e0	6.6665572e-1	4.0787175e-2	4.0787175e-2
1.9999835e0	6.6665572e-1	2.3487991e-2	2.3487991e-2

-2.0e0	8.3332172e-1	-1.829169e-2	-1.829169e-2
-1.833334e0	8.3332172e-1	-3.1763155e-2	-3.1763155e-2
-1.6666681e0	8.3332172e-1	-5.174516e-2	-5.174516e-2
-1.5000021e0	8.3332172e-1	-7.8946368e-2	-7.8946368e-2
-1.3333362e0	8.3332172e-1	-1.12527496e-1	-1.12527496e-1
-1.1666702e0	8.3332172e-1	-1.4935713e-1	-1.4935713e-1
-1.0000043e0	8.3332172e-1	-1.8373085e-1	-1.8373085e-1
-8.333383e-1	8.3332172e-1	-2.0780128e-1	-2.0780128e-1
-6.666723e-1	8.3332172e-1	-2.13455193e-1	-2.13455193e-1
-5.000063e-1	8.3332172e-1	-1.94497443e-1	-1.94497443e-1
-3.333403e-1	8.3332172e-1	-1.48969788e-1	-1.48969788e-1
-1.666743e-1	8.3332172e-1	-8.0972054e-2	-8.0972054e-2
-8.3e-6	8.3332172e-1	-4.14518611e-6	-4.14518611e-6
1.6665771e-1	8.3332172e-1	8.0963972e-2	8.0963972e-2
3.3332372e-1	8.3332172e-1	1.48962355e-1	1.48962355e-1
4.9998972e-1	8.3332172e-1	1.94491032e-1	1.94491032e-1
6.6665572e-1	8.3332172e-1	2.13449867e-1	2.13449867e-1
8.3332172e-1	8.3332172e-1	2.07797133e-1	2.07797133e-1
9.9998772e-1	8.3332172e-1	1.83727768e-1	1.83727768e-1
1.16665372e0	8.3332172e-1	1.49355e-1	1.49355e-1
1.3333197e0	8.3332172e-1	1.12531715e-1	1.12531715e-1
1.4999857e0	8.3332172e-1	7.8948656e-2	7.8948656e-2
1.6666516e0	8.3332172e-1	5.1747792e-2	5.1747792e-2
1.8333176e0	8.3332172e-1	3.1765158e-2	3.1765158e-2
1.9999835e0	8.3332172e-1	1.82928883e-2	1.82928883e-2

-2.0e0	9.9998772e-1	-1.34759125e-2	-1.34759125e-2
-1.833334e0	9.9998772e-1	-2.3400609e-2	-2.3400609e-2
-1.6666681e0	9.9998772e-1	-3.812207e-2	-3.812207e-2
-1.5000021e0	9.9998772e-1	-5.8160214e-2	-5.8160214e-2
-1.3333362e0	9.9998772e-1	-8.290187e-2	-8.290187e-2
-1.1666702e0	9.9998772e-1	-1.1003317e-1	-1.1003317e-1
-1.0000043e0	9.9998772e-1	-1.3533066e-1	-1.3533066e-1
-8.333383e-1	9.9998772e-1	-1.53109258e-1	-1.53109258e-1
-6.666723e-1	9.9998772e-1	-1.57241333e-1	-1.57241333e-1
-5.000063e-1	9.9998772e-1	-1.4328182e-1	-1.4328182e-1
-3.333403e-1	9.9998772e-1	-1.09758966e-1	-1.09758966e-1
-1.666743e-1	9.9998772e-1	-5.9649405e-2	-5.9649405e-2
-8.3e-6	9.9998772e-1	-3.05423434e-6	-3.05423434e-6
1.6665771e-1	9.9998772e-1	5.9643452e-2	5.9643452e-2
3.3332372e-1	9.9998772e-1	1.0975349e-1	1.0975349e-1
4.9998972e-1	9.9998772e-1	1.432771e-1	1.432771e-1
6.6665572e-1	9.9998772e-1	1.5723741e-1	1.5723741e-1
8.3332172e-1	9.9998772e-1	1.53106201e-1	1.53106201e-1
9.9998772e-1	9.9998772e-1	1.35328395e-1	1.35328395e-1
1.16665372e0	9.9998772e-1	1.10036998e-1	1.10036998e-1
1.3333197e0	9.9998772e-1	8.290457e-2	8.290457e-2
1.4999857e0	9.9998772e-1	5.816253e-2	5.816253e-2
1.6666516e0	9.9998772e-1	3.812339e-2	3.812339e-2
1.8333176e0	9.9998772e-1	2.3401906e-2	2.3401906e-2
1.9999835e0	9.9998772e-1	1.34765988e-2	1.34765988e-2

-2.0e0	1.16665372e0	-9.3912994e-3	-9.3912994e-3
-1.833334e0	1.16665372e0	-1.63081909e-2	-1.63081909e-2
-1.6666681e0	1.16665372e0	-2.6567033e-2	-2.6567033e-2
-1.5000021e0	1.16665372e0	-4.0532657e-2	-4.0532657e-2
-1.3333362e0	1.16665372e0	-5.7773872e-2	-5.7773872e-2
-1.1666702e0	1.16665372e0	-7.6683342e-2	-7.6683342e-2
-1.0000043e0	1.16665372e0	-9.4315921e-2	-9.4315921e-2
-8.333383e-1	1.16665372e0	-1.06683987e-1	-1.06683987e-1
-6.666723e-1	1.16665372e0	-1.09560974e-1	-1.09560974e-1
-5.000063e-1	1.16665372e0	-9.982623e-2	-9.982623e-2
-3.333403e-1	1.16665372e0	-7.6484956e-2	-7.6484956e-2
-1.666743e-1	1.16665372e0	-4.1561922e-2	-4.1561922e-2
-8.3e-6	1.16665372e0	-2.12770454e-6	-2.12770454e-6
1.6665771e-1	1.16665372e0	4.1557774e-2	4.1557774e-2
3.3332372e-1	1.16665372e0	7.648114e-2	7.648114e-2
4.9998972e-1	1.16665372e0	9.982294e-2	9.982294e-2
6.6665572e-1	1.16665372e0	1.0955824e-1	1.0955824e-1
8.3332172e-1	1.16665372e0	1.06681857e-1	1.06681857e-1
9.9998772e-1	1.16665372e0	9.43173453e-2	9.43173453e-2
1.16665372e0	1.16665372e0	7.6684445e-2	7.6684445e-2
1.3333197e0	1.16665372e0	5.777581e-2	5.777581e-2
1.4999857e0	1.16665372e0	4.0534006e-2	4.0534006e-2
1.6666516e0	1.16665372e0	2.6568138e-2	2.6568138e-2
1.8333176e0	1.16665372e0	1.63090096e-2	1.63090096e-2
1.9999835e0	1.16665372e0	9.3919621e-3	9.3919621e-3

-2.0e0	1.3333197e0	-6.1911285e-3	-6.1911285e-3
-1.833334e0	1.3333197e0	-1.07510501e-2	-1.07510501e-2
-1.6666681e0	1.3333197e0	-1.7514084e-2	-1.7514084e-2
-1.5000021e0	1.3333197e0	-2.6720721e-2	-2.6720721e-2
-1.3333362e0	1.3333197e0	-3.808723e-2	-3.808723e-2
-1.1666702e0	1.3333197e0	-5.055314e-2	-5.055314e-2
-1.0000043e0	1.3333197e0	-6.2177713e-2	-6.2177713e-2
-8.333383e-1	1.3333197e0	-7.03313837e-2	-7.03313837e-2
-6.666723e-1	1.3333197e0	-7.2213954e-2	-7.2213954e-2
-5.000063e-1	1.3333197e0	-6.5810835e-2	-6.5810835e-2
-3.333403e-1	1.3333197e0	-5.0411057e-2	-5.0411057e-2
-1.666743e-1	1.3333197e0	-2.739127e-2	-2.739127e-2
-8.3e-6	1.3333197e0	-1.40303258e-6	-1.40303258e-6
1.6665771e-1	1.3333197e0	2.7388538e-2	2.7388538e-2
3.3332372e-1	1.3333197e0	5.0408542e-2	5.0408542e-2
4.9998972e-1	1.3333197e0	6.5808667e-2	6.5808667e-2
6.6665572e-1	1.3333197e0	7.2212154e-2	7.2212154e-2
8.3332172e-1	1.3333197e0	7.03320908e-2	7.03320908e-2
9.9998772e-1	1.3333197e0	6.21783333e-2	6.21783333e-2
1.16665372e0	1.3333197e0	5.0553801e-2	5.0553801e-2
1.3333197e0	1.3333197e0	3.8088785e-2	3.8088785e-2
1.4999857e0	1.3333197e0	2.6721663e-2	2.6721663e-2
1.6666516e0	1.3333197e0	1.7515129e-2	1.7515129e-2
1.8333176e0	1.3333197e0	1.07516734e-2	1.07516734e-2
1.9999835e0	1.3333197e0	6.19158e-3	6.19158e-3

-2.0e0	1.4999857e0	-3.8608887e-3	-3.8608887e-3
-1.833334e0	1.4999857e0	-6.7045218e-3	-6.7045218e-3
-1.6666681e0	1.4999857e0	-1.09223537e-2	-1.09223537e-2
-1.5000021e0	1.4999857e0	-1.6663232e-2	-1.6663232e-2
-1.3333362e0	1.4999857e0	-2.3751775e-2	-2.3751775e-2
-1.1666702e0	1.4999857e0	-3.1525464e-2	-3.1525464e-2
-1.0000043e0	1.4999857e0	-3.8774332e-2	-3.8774332e-2
-8.333383e-1	1.4999857e0	-4.38597313e-2	-4.38597313e-2
-6.666723e-1	1.4999857e0	-4.50539941e-2	-4.50539941e-2
-5.000063e-1	1.4999857e0	-4.10432686e-2	-4.10432686e-2
-3.333403e-1	1.4999857e0	-3.14395558e-2	-3.14395558e-2
-1.666743e-1	1.4999857e0	-1.7087451e-2	-1.7087451e-2
-8.3e-6	1.4999857e0	-8.7498662e-7	-8.7498662e-7
1.6665771e-1	1.4999857e0	1.7085747e-2	1.7085747e-2
3.3332372e-1	1.4999857e0	3.14379872e-2	3.14379872e-2
4.9998972e-1	1.4999857e0	4.10423126e-2	4.10423126e-2
6.6665572e-1	1.4999857e0	4.5054162e-2	4.5054162e-2
8.3332172e-1	1.4999857e0	4.3860153e-2	4.3860153e-2
9.9998772e-1	1.4999857e0	3.87749019e-2	3.87749019e-2
1.16665372e0	1.4999857e0	3.1526381e-2	3.1526381e-2
1.3333197e0	1.4999857e0	2.3752553e-2	2.3752553e-2
1.4999857e0	1.4999857e0	1.6663795e-2	1.6663795e-2
1.6666516e0	1.4999857e0	1.09229582e-2	1.09229582e-2
1.8333176e0	1.4999857e0	6.7048604e-3	6.7048604e-3
1.9999835e0	1.4999857e0	3.8611247e-3	3.8611247e-3

-2.0e0	1.6666516e0	-2.2776184e-3	-2.2776184e-3
-1.833334e0	1.6666516e0	-3.9551218e-3	-3.9551218e-3
-1.6666681e0	1.6666516e0	-6.4432756e-3	-6.4432756e-3
-1.5000021e0	1.6666516e0	-9.8302582e-3	-9.8302582e-3
-1.3333362e0	1.6666516e0	-1.4011664e-2	-1.4011664e-2
-1.1666702e0	1.6666516e0	-1.8597206e-2	-1.8597206e-2
-1.0000043e0	1.6666516e0	-2.2873547e-2	-2.2873547e-2
-8.333383e-1	1.6666516e0	-2.58734787e-2	-2.58734787e-2
-6.666723e-1	1.6666516e0	-2.6577884e-2	-2.6577884e-2
-5.000063e-1	1.6666516e0	-2.42120491e-2	-2.42120491e-2
-3.333403e-1	1.6666516e0	-1.85467337e-2	-1.85467337e-2
-1.666743e-1	1.6666516e0	-1.00794896e-2	-1.00794896e-2
-8.3e-6	1.6666516e0	-5.16074689e-7	-5.16074689e-7
1.6665771e-1	1.6666516e0	1.0078583e-2	1.0078583e-2
3.3332372e-1	1.6666516e0	1.85458083e-2	1.85458083e-2
4.9998972e-1	1.6666516e0	2.42116173e-2	2.42116173e-2
6.6665572e-1	1.6666516e0	2.65781569e-2	2.65781569e-2
8.3332172e-1	1.6666516e0	2.58737634e-2	2.58737634e-2
9.9998772e-1	1.6666516e0	2.28739578e-2	2.28739578e-2
1.16665372e0	1.6666516e0	1.859765e-2	1.859765e-2
1.3333197e0	1.6666516e0	1.4012077e-2	1.4012077e-2
1.4999857e0	1.6666516e0	9.8306595e-3	9.8306595e-3
1.6666516e0	1.6666516e0	6.4436023e-3	6.4436023e-3
1.8333176e0	1.6666516e0	3.9553233e-3	3.9553233e-3
1.9999835e0	1.6666516e0	2.2777274e-3	2.2777274e-3

-2.0e0	1.8333176e0	-1.27101288e-3	-1.27101288e-3
-1.833334e0	1.8333176e0	-2.207076e-3	-2.207076e-3
-1.6666681e0	1.8333176e0	-3.5955676e-3	-3.5955676e-3
-1.5000021e0	1.8333176e0	-5.4856302e-3	-5.4856302e-3
-1.3333362e0	1.8333176e0	-7.819068e-3	-7.819068e-3
-1.1666702e0	1.8333176e0	-1.03782736e-2	-1.03782736e-2
-1.0000043e0	1.8333176e0	-1.2764203e-2	-1.2764203e-2
-8.333383e-1	1.8333176e0	-1.44383212e-2	-1.44383212e-2
-6.666723e-1	1.8333176e0	-1.48314662e-2	-1.48314662e-2
-5.000063e-1	1.8333176e0	-1.35114604e-2	-1.35114604e-2
-3.333403e-1	1.8333176e0	-1.03498206e-2	-1.03498206e-2
-1.666743e-1	1.8333176e0	-5.624669e-3	-5.624669e-3
-8.3e-6	1.8333176e0	-2.87990977e-7	-2.87990977e-7
1.6665771e-1	1.8333176e0	5.6242477e-3	5.6242477e-3
3.3332372e-1	1.8333176e0	1.034935e-2	1.034935e-2
4.9998972e-1	1.8333176e0	1.3511183e-2	1.3511183e-2
6.6665572e-1	1.8333176e0	1.48315845e-2	1.48315845e-2
8.3332172e-1	1.8333176e0	1.44386307e-2	1.44386307e-2
9.9998772e-1	1.8333176e0	1.27646298e-2	1.27646298e-2
1.16665372e0	1.8333176e0	1.03784323e-2	1.03784323e-2
1.3333197e0	1.8333176e0	7.8193825e-3	7.8193825e-3
1.4999857e0	1.8333176e0	5.4857918e-3	5.4857918e-3
1.6666516e0	1.8333176e0	3.5957475e-3	3.5957475e-3
1.8333176e0	1.8333176e0	2.20719e-3	2.20719e-3
1.9999835e0	1.8333176e0	1.27108643e-3	1.27108643e-3

-2.0e0	1.9999835e0	-6.709436e-4	-6.709436e-4
-1.833334e0	1.9999835e0	-1.16509578e-3	-1.16509578e-3
-1.6666681e0	1.9999835e0	-1.8980176e-3	-1.8980176e-3
-1.5000021e0	1.9999835e0	-2.8957426e-3	-2.8957426e-3
-1.3333362e0	1.9999835e0	-4.1275021e-3	-4.1275021e-3
-1.1666702e0	1.9999835e0	-5.4784633e-3	-5.4784633e-3
-1.0000043e0	1.9999835e0	-6.7382373e-3	-6.7382373e-3
-8.333383e-1	1.9999835e0	-7.62192262e-3	-7.62192262e-3
-6.666723e-1	1.9999835e0	-7.8293007e-3	-7.8293007e-3
-5.000063e-1	1.9999835e0	-7.1324133e-3	-7.1324133e-3
-3.333403e-1	1.9999835e0	-5.4633913e-3	-5.4633913e-3
-1.666743e-1	1.9999835e0	-2.9692224e-3	-2.9692224e-3
-8.3e-6	1.9999835e0	-1.52021866e-7	-1.52021866e-7
1.6665771e-1	1.9999835e0	2.9689261e-3	2.9689261e-3
3.3332372e-1	1.9999835e0	5.4631543e-3	5.4631543e-3
4.9998972e-1	1.9999835e0	7.1322165e-3	7.1322165e-3
6.6665572e-1	1.9999835e0	7.829268e-3	7.829268e-3
8.3332172e-1	1.9999835e0	7.6219943e-3	7.6219943e-3
9.9998772e-1	1.9999835e0	6.73827376e-3	6.73827376e-3
1.16665372e0	1.9999835e0	5.4786284e-3	5.4786284e-3
1.3333197e0	1.9999835e0	4.1277106e-3	4.1277106e-3
1.4999857e0	1.9999835e0	2.8958414e-3	2.8958414e-3
1.6666516e0	1.9999835e0	1.8981053e-3	1.8981053e-3
1.8333176e0	1.9999835e0	1.16516232e-3	1.16516232e-3
1.9999835e0	1.9999835e0	6.7098526e-4	6.7098526e-4
